1.843765377998352051e-03 2.578348293900489807e-02
-6.341934204101562500e-03 2.898521721363067627e-02
-6.753742694854736328e-03 2.929818630218505859e-02
-6.018705666065216064e-03 2.902684919536113739e-02
-5.945116281509399414e-03 2.707397565245628357e-02
1.039743423461914062e-03 3.306925296783447266e-02
4.805773496627807617e-04 2.562397718429565430e-02
4.933148622512817383e-03 2.378056198358535767e-02
6.041303277015686035e-03 2.302482724189758301e-02
7.024958729743957520e-03 2.267191931605339050e-02
2.992168068885803223e-03 2.451318129897117615e-02
1.005850732326507568e-03 2.570616453886032104e-02
-5.234509706497192383e-03 2.863819524645805359e-02
-4.175737500190734863e-03 2.784616872668266296e-02
-7.171146571636199951e-03 2.922158688306808472e-02
-5.656182765960693359e-03 2.848698757588863373e-02
-6.554327905178070068e-03 2.906912192702293396e-02
-4.460684955120086670e-03 2.819528616964817047e-02
-3.091409802436828613e-03 2.792821824550628662e-02
3.599599003791809082e-04 2.623018249869346619e-02
1.562073826789855957e-03 2.543309330940246582e-02
-4.981860518455505371e-03 2.837615646421909332e-02
-1.799806952476501465e-03 2.668133378028869629e-02
-3.248766064643859863e-03 2.708994597196578979e-02
-5.630016326904296875e-03 2.836001664400100708e-02
-4.883646965026855469e-03 2.843578159809112549e-02
-3.639042377471923828e-03 2.765957824885845184e-02
-3.785908222198486328e-03 2.737521752715110779e-02
-8.197452872991561890e-03 2.955614030361175537e-02
-1.436884701251983643e-02 3.217342123389244080e-02
-9.238220751285552979e-03 2.988862991333007812e-02
-6.418433040380477905e-03 2.833976410329341888e-02
-7.615238428115844727e-05 2.537827566266059875e-02
7.918328046798706055e-04 2.542532980442047119e-02
7.583022117614746094e-03 2.185183763504028320e-02
5.708724260330200195e-03 2.280692756175994873e-02
5.079805850982666016e-03 2.359673008322715759e-02
3.880448639392852783e-03 2.435703948140144348e-02
2.716600894927978516e-03 2.494182810187339783e-02
3.366261720657348633e-03 2.288971841335296631e-02
-1.044571399688720703e-04 2.515033632516860962e-02
-8.655011653900146484e-03 3.007446043193340302e-02
-1.215905696153640747e-02 3.110887482762336731e-02
-1.400230824947357178e-02 3.024915605783462524e-02
-1.321656256914138794e-02 2.989750728011131287e-02
-1.109968870878219604e-02 2.930190041661262512e-02
-9.590834379196166992e-03 2.940647304058074951e-02
-9.545329958200454712e-03 2.808023244142532349e-02
-9.223282337188720703e-03 2.995269559323787689e-02
-7.630024105310440063e-03 3.006848320364952087e-02
-3.796234726905822754e-03 2.800434827804565430e-02
-3.256671130657196045e-03 2.763548493385314941e-02
-1.154482364654541016e-03 2.669551968574523926e-02
1.970395445823669434e-03 2.496173232793807983e-02
1.438632607460021973e-03 2.516886591911315918e-02
1.497715711593627930e-03 2.502461150288581848e-02
3.909468650817871094e-04 2.545951679348945618e-02
7.101893424987792969e-04 2.548692747950553894e-02
2.528056502342224121e-03 2.459677308797836304e-02
1.548364758491516113e-03 2.505312114953994751e-02
1.215703785419464111e-03 2.524597197771072388e-02
3.223568201065063477e-04 2.559315413236618042e-02
-1.147918403148651123e-03 2.633167803287506104e-02
-1.043081283569335938e-04 2.596168592572212219e-02
6.400793790817260742e-05 2.565214410424232483e-02
1.939117908477783203e-03 2.498031407594680786e-02
6.248056888580322266e-04 2.551136165857315063e-02
1.156568527221679688e-03 2.526618912816047668e-02
1.144997775554656982e-03 2.510885894298553467e-02
2.140350639820098877e-03 2.477491647005081177e-02
2.320528030395507812e-03 2.463915199041366577e-02
1.812398433685302734e-03 2.471636608242988586e-02
3.208942711353302002e-03 2.428301423788070679e-02
2.026893198490142822e-03 2.477027475833892822e-02
2.804331481456756592e-03 2.444867789745330811e-02
3.466866910457611084e-03 2.417770028114318848e-02
2.223446965217590332e-03 2.467637881636619568e-02
2.043530344963073730e-03 2.477992326021194458e-02
1.378253102302551270e-03 2.506179735064506531e-02
6.640851497650146484e-04 2.542783319950103760e-02
1.744315028190612793e-03 2.489576488733291626e-02
1.071140170097351074e-03 2.518290281295776367e-02
2.383917570114135742e-03 2.459062263369560242e-02
3.038719296455383301e-03 2.429332211613655090e-02
3.008127212524414062e-03 2.442981302738189697e-02
4.015803337097167969e-03 2.384297922253608704e-02
3.335177898406982422e-03 2.410487830638885498e-02
2.138525247573852539e-03 2.454710379242897034e-02
3.092303872108459473e-03 2.415004372596740723e-02
3.188349306583404541e-03 2.416207268834114075e-02
2.577006816864013672e-03 2.445110678672790527e-02
3.102265298366546631e-03 2.429372072219848633e-02
2.499282360076904297e-03 2.441427111625671387e-02
2.882912755012512207e-03 2.429793402552604675e-02
1.853518187999725342e-03 2.469453215599060059e-02
1.888856291770935059e-03 2.482098713517189026e-02
1.803472638130187988e-03 2.474313229322433472e-02
2.451062202453613281e-03 2.452571317553520203e-02
3.375791013240814209e-03 2.409026771783828735e-02
2.224393188953399658e-03 2.463941276073455811e-02
2.199128270149230957e-03 2.457772195339202881e-02
1.008301973342895508e-03 2.511595189571380615e-02
3.144800662994384766e-03 2.413814142346382141e-02
1.404553651809692383e-03 2.499927952885627747e-02
1.349382102489471436e-03 2.503041550517082214e-02
2.870544791221618652e-03 2.415712922811508179e-02
3.241240978240966797e-03 2.415440231561660767e-02
2.350836992263793945e-03 2.461467310786247253e-02
2.456128597259521484e-03 2.449866756796836853e-02
2.087965607643127441e-03 2.459213882684707642e-02
2.397462725639343262e-03 2.447949722409248352e-02
2.626962959766387939e-03 2.437422424554824829e-02
2.886317670345306396e-03 2.430915087461471558e-02
3.100231289863586426e-03 2.418782189488410950e-02
4.911877214908599854e-03 2.331825718283653259e-02
4.013217985630035400e-03 2.374877035617828369e-02
2.975255250930786133e-03 2.427751570940017700e-02
5.089811980724334717e-03 2.330406755208969116e-02
2.696678042411804199e-03 2.423853427171707153e-02
2.510450780391693115e-03 2.450242638587951660e-02
2.094529569149017334e-03 2.451692521572113037e-02
1.538872718811035156e-03 2.495187520980834961e-02
1.968950033187866211e-03 2.491572871804237366e-02
2.582333981990814209e-03 2.470075339078903198e-02
1.770354807376861572e-03 2.515516430139541626e-02
2.295307815074920654e-03 2.480418607592582703e-02
1.329243183135986328e-03 2.528464049100875854e-02
1.126319169998168945e-03 2.528847008943557739e-02
1.077599823474884033e-03 2.543084323406219482e-02
2.370268106460571289e-03 2.469110488891601562e-02
1.028165221214294434e-03 2.527227997779846191e-02
1.021280884742736816e-03 2.535381540656089783e-02
1.036390662193298340e-03 2.543504536151885986e-02
1.060739159584045410e-04 2.580361813306808472e-02
2.764932811260223389e-03 2.466428279876708984e-02
3.168001770973205566e-03 2.442347258329391479e-02
2.060770988464355469e-03 2.493165060877799988e-02
3.020435571670532227e-03 2.450725063681602478e-02
1.827336847782135010e-03 2.510117739439010620e-02
2.422459423542022705e-03 2.471727132797241211e-02
2.734377980232238770e-03 2.464380115270614624e-02
4.763819277286529541e-03 2.375674247741699219e-02
4.642643034458160400e-03 2.394591271877288818e-02
4.464976489543914795e-03 2.383352071046829224e-02
3.315225243568420410e-03 2.429101243615150452e-02
2.997577190399169922e-03 2.459887787699699402e-02
5.325764417648315430e-03 2.359820529818534851e-02
3.417149186134338379e-03 2.427954226732254028e-02
4.058755934238433838e-03 2.403821051120758057e-02
5.442857742309570312e-03 2.321123331785202026e-02
3.396794199943542480e-03 2.423300594091415405e-02
3.414347767829895020e-03 2.419841289520263672e-02
2.224341034889221191e-03 2.471933886408805847e-02
1.305311918258666992e-03 2.521585300564765930e-02
9.526312351226806641e-04 2.533256262540817261e-02
1.622222363948822021e-03 2.500443533062934875e-02
1.892894506454467773e-03 2.483455836772918701e-02
2.853430807590484619e-03 2.439267933368682861e-02
1.962512731552124023e-03 2.481950074434280396e-02
1.876965165138244629e-03 2.481078356504440308e-02
1.741267740726470947e-03 2.496746182441711426e-02
2.330109477043151855e-03 2.477863803505897522e-02
1.768514513969421387e-03 2.501600980758666992e-02
2.481780946254730225e-03 2.470039203763008118e-02
2.592049539089202881e-03 2.465785294771194458e-02
2.528689801692962646e-03 2.466510981321334839e-02
1.975953578948974609e-03 2.496716380119323730e-02
1.439750194549560547e-03 2.516555786132812500e-02
1.241408288478851318e-03 2.518875896930694580e-02
1.335695385932922363e-03 2.515166252851486206e-02
9.446889162063598633e-04 2.533227205276489258e-02
1.309625804424285889e-03 2.523629367351531982e-02
1.264765858650207520e-03 2.521967515349388123e-02
1.565173268318176270e-03 2.508057653903961182e-02
1.507759094238281250e-03 2.504287660121917725e-02
1.140035688877105713e-03 2.522167935967445374e-02
1.844495534896850586e-03 2.492411434650421143e-02
1.752443611621856689e-03 2.492081746459007263e-02
3.342032432556152344e-04 2.557647973299026489e-02
1.964285969734191895e-03 2.467772737145423889e-02
9.345486760139465332e-04 2.529600635170936584e-02
2.502337098121643066e-03 2.461115643382072449e-02
2.331987023353576660e-03 2.463834360241889954e-02
2.521492540836334229e-03 2.465499565005302429e-02
2.838648855686187744e-03 2.452906221151351929e-02
2.525307238101959229e-03 2.468319237232208252e-02
2.084627747535705566e-03 2.491744607686996460e-02
2.310097217559814453e-03 2.480857074260711670e-02
1.995086669921875000e-03 2.492628246545791626e-02
1.450903713703155518e-03 2.531234920024871826e-02
1.141697168350219727e-03 2.541869878768920898e-02
1.509860157966613770e-03 2.524992823600769043e-02
2.317726612091064453e-03 2.477797120809555054e-02
2.184689044952392578e-03 2.475203573703765869e-02
1.555658876895904541e-03 2.515468746423721313e-02
1.388236880302429199e-03 2.515098080039024353e-02
1.417800784111022949e-03 2.511839568614959717e-02
1.668214797973632812e-03 2.497801557183265686e-02
2.877488732337951660e-03 2.453504130244255066e-02
2.551682293415069580e-03 2.485728263854980469e-02
9.842664003372192383e-04 2.555030956864356995e-02
9.400025010108947754e-04 2.552939206361770630e-02
1.296691596508026123e-03 2.546286210417747498e-02
7.182061672210693359e-04 2.566801384091377258e-02
1.289486885070800781e-03 2.544560283422470093e-02
7.573962211608886719e-04 2.571655809879302979e-02
1.967400312423706055e-04 2.601143345236778259e-02
-1.379251480102539062e-04 2.615882828831672668e-02
-6.640404462814331055e-04 2.646282315254211426e-02
7.457435131072998047e-04 2.579741925001144409e-02
1.174181699752807617e-03 2.562777325510978699e-02
8.353292942047119141e-04 2.563633769750595093e-02
-4.973635077476501465e-04 2.621155977249145508e-02
-7.611513137817382812e-05 2.613399177789688110e-02
6.638169288635253906e-04 2.583847194910049438e-02
4.122927784919738770e-04 2.598693221807479858e-02
-2.335757017135620117e-04 2.628029137849807739e-02
3.524124622344970703e-05 2.611552923917770386e-02
7.573589682579040527e-04 2.577030286192893982e-02
1.468904316425323486e-03 2.552778273820877075e-02
3.384917974472045898e-03 2.466681227087974548e-02
3.435894846916198730e-03 2.463904395699501038e-02
1.420408487319946289e-03 2.551373466849327087e-02
2.889484167098999023e-03 2.480525895953178406e-02
2.628766000270843506e-03 2.499302104115486145e-02
2.989828586578369141e-03 2.484864741563796997e-02
2.083867788314819336e-03 2.532714605331420898e-02
2.528049051761627197e-03 2.512342482805252075e-02
2.179011702537536621e-03 2.515871450304985046e-02
1.159571111202239990e-03 2.561972662806510925e-02
1.733571290969848633e-03 2.548279240727424622e-02
1.657724380493164062e-03 2.544721961021423340e-02
6.494149565696716309e-04 2.583329007029533386e-02
1.813299953937530518e-03 2.535708248615264893e-02
2.111427485942840576e-03 2.529069781303405762e-02
2.949364483356475830e-03 2.491746097803115845e-02
3.894373774528503418e-03 2.442608028650283813e-02
2.701722085475921631e-03 2.512689679861068726e-02
2.368375658988952637e-03 2.523133158683776855e-02
3.474801778793334961e-03 2.480667456984519958e-02
3.251403570175170898e-03 2.487748861312866211e-02
2.423308789730072021e-03 2.523591741919517517e-02
3.838330507278442383e-03 2.455744519829750061e-02
3.737300634384155273e-03 2.463100478053092957e-02
4.576459527015686035e-03 2.410591021180152893e-02
3.610469400882720947e-03 2.454932779073715210e-02
3.789491951465606689e-03 2.453897148370742798e-02
1.313388347625732422e-03 2.567751705646514893e-02
2.252548933029174805e-03 2.529594302177429199e-02
1.681767404079437256e-03 2.551572769880294800e-02
2.785757184028625488e-03 2.499464899301528931e-02
2.319410443305969238e-03 2.529235184192657471e-02
1.708775758743286133e-03 2.576875686645507812e-02
2.111062407493591309e-03 2.563625574111938477e-02
2.756237983703613281e-03 2.522461488842964172e-02
2.500891685485839844e-03 2.521094679832458496e-02
2.670586109161376953e-03 2.519246190786361694e-02
1.977384090423583984e-03 2.549277991056442261e-02
1.656278967857360840e-03 2.546415477991104126e-02
1.095548272132873535e-03 2.572517096996307373e-02
1.395717263221740723e-04 2.612552419304847717e-02
6.610751152038574219e-04 2.625968307256698608e-02
3.381595015525817871e-04 2.629216015338897705e-02
1.145601272583007812e-04 2.629480883479118347e-02
-4.367306828498840332e-04 2.665324509143829346e-02
1.137256622314453125e-04 2.647392824292182922e-02
9.480491280555725098e-04 2.613770216703414917e-02
-3.358721733093261719e-05 2.664817124605178833e-02
-2.987757325172424316e-04 2.660814672708511353e-02
2.495020627975463867e-03 2.578991651535034180e-02
1.855358481407165527e-03 2.579488977789878845e-02
2.443939447402954102e-04 2.658557146787643433e-02
3.054767847061157227e-03 2.519534900784492493e-02
3.238812088966369629e-03 2.532064169645309448e-02
3.325484693050384521e-03 2.529711276292800903e-02
6.768032908439636230e-04 2.647006511688232422e-02
3.179460763931274414e-04 2.679206803441047668e-02
5.228236317634582520e-03 2.459378167986869812e-02
6.040200591087341309e-03 2.444940060377120972e-02
4.656322300434112549e-03 2.473693713545799255e-02
4.189074039459228516e-03 2.509879320859909058e-02
1.028247177600860596e-03 2.642210945487022400e-02
1.800596714019775391e-03 2.585405856370925903e-02
3.694012761116027832e-03 2.502259612083435059e-02
4.120878875255584717e-03 2.492469549179077148e-02
4.409417510032653809e-03 2.477520704269409180e-02
3.986656665802001953e-03 2.506302669644355774e-02
3.070227801799774170e-03 2.533867210149765015e-02
5.358710885047912598e-03 2.426917105913162231e-02
4.186913371086120605e-03 2.482713013887405396e-02
2.078324556350708008e-03 2.582685649394989014e-02
2.487130463123321533e-03 2.555038779973983765e-02
1.687645912170410156e-03 2.577695250511169434e-02
9.811744093894958496e-04 2.600214630365371704e-02
1.361168920993804932e-03 2.568561956286430359e-02
2.541333436965942383e-03 2.510155737400054932e-02
7.452070713043212891e-05 2.621162310242652893e-02
-8.592382073402404785e-04 2.647363021969795227e-02
5.967766046524047852e-04 2.579558640718460083e-02
-2.621710300445556641e-04 2.628842741250991821e-02
-1.499108970165252686e-03 2.686782181262969971e-02
-3.431327641010284424e-03 2.763070911169052124e-02
-2.708494663238525391e-03 2.722185105085372925e-02
-3.357701003551483154e-03 2.755844593048095703e-02
-2.428837120532989502e-03 2.696533128619194031e-02
-2.274230122566223145e-03 2.706904336810112000e-02
-2.718120813369750977e-03 2.717132121324539185e-02
-3.879189491271972656e-03 2.785648033022880554e-02
-4.394643008708953857e-03 2.799210324883460999e-02
-2.469286322593688965e-03 2.708176150918006897e-02
-1.825124025344848633e-03 2.685502544045448303e-02
-2.571299672126770020e-03 2.713407576084136963e-02
-1.608557999134063721e-03 2.683592215180397034e-02
-1.384057104587554932e-03 2.664665505290031433e-02
-4.488155245780944824e-04 2.641389146447181702e-02
-1.011215150356292725e-03 2.664688974618911743e-02
-1.170501112937927246e-03 2.670953795313835144e-02
-1.158900558948516846e-03 2.673619613051414490e-02
-9.320601820945739746e-04 2.665552869439125061e-02
1.351647078990936279e-03 2.558542788028717041e-02
9.019300341606140137e-04 2.582191303372383118e-02
2.662688493728637695e-04 2.601129934191703796e-02
1.218333840370178223e-03 2.563351392745971680e-02
7.475912570953369141e-04 2.575709298253059387e-02
1.582711935043334961e-03 2.540923655033111572e-02
7.767751812934875488e-04 2.580630034208297729e-02
1.959659159183502197e-03 2.528202533721923828e-02
1.454882323741912842e-03 2.550302818417549133e-02
1.392655074596405029e-03 2.551863715052604675e-02
2.234056591987609863e-04 2.604797855019569397e-02
1.528933644294738770e-03 2.549753338098526001e-02
2.776950597763061523e-03 2.496302127838134766e-02
2.799376845359802246e-03 2.484256029129028320e-02
2.028256654739379883e-03 2.512618154287338257e-02
2.888537943363189697e-03 2.467763423919677734e-02
3.236837685108184814e-03 2.461694180965423584e-02
3.491625189781188965e-03 2.442583814263343811e-02
3.882691264152526855e-03 2.427349612116813660e-02
2.480372786521911621e-03 2.478694915771484375e-02
2.070717513561248779e-03 2.499690651893615723e-02
2.835392951965332031e-03 2.467307820916175842e-02
3.253921866416931152e-03 2.460256218910217285e-02
3.360107541084289551e-03 2.444111183285713196e-02
3.610044717788696289e-03 2.428700029850006104e-02
4.403330385684967041e-03 2.400067448616027832e-02
5.806304514408111572e-03 2.332713082432746887e-02
4.510596394538879395e-03 2.406533434987068176e-02
5.558826029300689697e-03 2.355403825640678406e-02
5.462169647216796875e-03 2.334685623645782471e-02
5.607619881629943848e-03 2.319971472024917603e-02
5.550831556320190430e-03 2.329247444868087769e-02
5.382299423217773438e-03 2.326134592294692993e-02
3.926083445549011230e-03 2.398749813437461853e-02
4.402562975883483887e-03 2.389132231473922729e-02
4.978865385055541992e-03 2.377026528120040894e-02
3.455221652984619141e-03 2.459609508514404297e-02
3.515370190143585205e-03 2.442694455385208130e-02
4.802003502845764160e-03 2.384006232023239136e-02
4.682384431362152100e-03 2.386666461825370789e-02
3.692053258419036865e-03 2.438129484653472900e-02
4.468515515327453613e-03 2.400830388069152832e-02
4.689455032348632812e-03 2.392362058162689209e-02
4.133664071559906006e-03 2.418204024434089661e-02
5.135402083396911621e-03 2.363739907741546631e-02
4.620112478733062744e-03 2.382651343941688538e-02
4.246786236763000488e-03 2.400162070989608765e-02
5.097135901451110840e-03 2.375071495771408081e-02
4.145152866840362549e-03 2.424283698201179504e-02
4.228070378303527832e-03 2.423810586333274841e-02
4.473924636840820312e-03 2.413938939571380615e-02
3.488585352897644043e-03 2.456329762935638428e-02
4.499167203903198242e-03 2.405342459678649902e-02
2.874553203582763672e-03 2.478843554854393005e-02
3.528580069541931152e-03 2.439859136939048767e-02
2.358362078666687012e-03 2.493601292371749878e-02
3.429554402828216553e-03 2.446158230304718018e-02
3.439426422119140625e-03 2.446512877941131592e-02
5.050256848335266113e-03 2.367087826132774353e-02
5.087085068225860596e-03 2.359121292829513550e-02
4.881784319877624512e-03 2.366857230663299561e-02
5.475342273712158203e-03 2.340177819132804871e-02
4.692815244197845459e-03 2.387303113937377930e-02
5.409695208072662354e-03 2.354409545660018921e-02
5.292661488056182861e-03 2.343613281846046448e-02
4.594504833221435547e-03 2.381432056427001953e-02
5.237586796283721924e-03 2.364595979452133179e-02
5.629613995552062988e-03 2.348489314317703247e-02
5.493566393852233887e-03 2.352331951260566711e-02
5.591362714767456055e-03 2.328351885080337524e-02
5.807161331176757812e-03 2.329304441809654236e-02
5.896411836147308350e-03 2.312512695789337158e-02
4.542171955108642578e-03 2.377266436815261841e-02
5.221016705036163330e-03 2.345163375139236450e-02
5.822286009788513184e-03 2.333638817071914673e-02
6.916530430316925049e-03 2.278704196214675903e-02
7.201269268989562988e-03 2.266705781221389771e-02
8.036449551582336426e-03 2.227849885821342468e-02
7.397457957267761230e-03 2.259846776723861694e-02
7.694810628890991211e-03 2.246284112334251404e-02
7.975682616233825684e-03 2.235295623540878296e-02
7.021404802799224854e-03 2.269697561860084534e-02
7.349640130996704102e-03 2.258339524269104004e-02
6.953552365303039551e-03 2.283402532339096069e-02
7.377497851848602295e-03 2.254183590412139893e-02
7.951021194458007812e-03 2.225614339113235474e-02
7.525332272052764893e-03 2.248545363545417786e-02
7.126353681087493896e-03 2.262159809470176697e-02
8.285313844680786133e-03 2.219532430171966553e-02
7.938973605632781982e-03 2.237505465745925903e-02
8.628636598587036133e-03 2.206136658787727356e-02
8.945547044277191162e-03 2.203000709414482117e-02
9.958073496818542480e-03 2.152519673109054565e-02
1.013541221618652344e-02 2.142876014113426208e-02
9.797722101211547852e-03 2.167744934558868408e-02
1.145516335964202881e-02 2.098957821726799011e-02
9.726434946060180664e-03 2.191101014614105225e-02
8.898846805095672607e-03 2.227229252457618713e-02
9.412005543708801270e-03 2.206610515713691711e-02
1.102943718433380127e-02 2.128584682941436768e-02
1.043983548879623413e-02 2.167911455035209656e-02
1.125158369541168213e-02 2.121077105402946472e-02
1.092869043350219727e-02 2.122628688812255859e-02
1.193124055862426758e-02 2.073438838124275208e-02
1.222784072160720825e-02 2.066753059625625610e-02
1.193010807037353516e-02 2.072677016258239746e-02
1.243762671947479248e-02 2.053470537066459656e-02
1.182252168655395508e-02 2.063238248229026794e-02
1.174721866846084595e-02 2.063625678420066833e-02
1.095998287200927734e-02 2.101678401231765747e-02
1.173464953899383545e-02 2.061596512794494629e-02
1.186171919107437134e-02 2.056258544325828552e-02
1.176393032073974609e-02 2.054481580853462219e-02
1.126006245613098145e-02 2.080919221043586731e-02
1.000808924436569214e-02 2.140321582555770874e-02
1.104859262704849243e-02 2.090544253587722778e-02
1.140693575143814087e-02 2.079974487423896790e-02
1.086308807134628296e-02 2.098952978849411011e-02
1.122924685478210449e-02 2.073825523257255554e-02
9.758524596691131592e-03 2.138768136501312256e-02
8.496128022670745850e-03 2.216888964176177979e-02
8.857518434524536133e-03 2.196691557765007019e-02
6.372764706611633301e-03 2.293251454830169678e-02
8.876115083694458008e-03 2.195139229297637939e-02
9.234972298145294189e-03 2.171003445982933044e-02
8.278876543045043945e-03 2.208148688077926636e-02
7.038496434688568115e-03 2.262039110064506531e-02
7.387615740299224854e-03 2.251390367746353149e-02
6.893754005432128906e-03 2.260931581258773804e-02
7.470190525054931641e-03 2.236981689929962158e-02
6.150886416435241699e-03 2.293793112039566040e-02
8.511655032634735107e-03 2.183110266923904419e-02
7.715314626693725586e-03 2.222689986228942871e-02
7.622629404067993164e-03 2.240294963121414185e-02
9.650774300098419189e-03 2.159606292843818665e-02
8.900277316570281982e-03 2.187769487500190735e-02
6.553456187248229980e-03 2.295816689729690552e-02
6.775215268135070801e-03 2.289553731679916382e-02
7.305555045604705811e-03 2.266543731093406677e-02
7.860302925109863281e-03 2.240457013249397278e-02
6.607800722122192383e-03 2.301320061087608337e-02
9.551510214805603027e-03 2.170775830745697021e-02
9.164117276668548584e-03 2.192728966474533081e-02
9.256899356842041016e-03 2.179722487926483154e-02
1.008690893650054932e-02 2.151729911565780640e-02
9.418949484825134277e-03 2.190682291984558105e-02
1.125864684581756592e-02 2.110681682825088501e-02
1.026451587677001953e-02 2.162344753742218018e-02
9.570695459842681885e-03 2.195167168974876404e-02
8.156664669513702393e-03 2.252624928951263428e-02
8.016042411327362061e-03 2.261657267808914185e-02
8.815266191959381104e-03 2.220616489648818970e-02
9.405940771102905273e-03 2.187858894467353821e-02
1.017015427350997925e-02 2.158077806234359741e-02
1.109983026981353760e-02 2.101929113268852234e-02
9.633854031562805176e-03 2.172791212797164917e-02
7.307924330234527588e-03 2.275957167148590088e-02
9.025901556015014648e-03 2.185910195112228394e-02
8.402533829212188721e-03 2.218097820878028870e-02
9.176827967166900635e-03 2.181585133075714111e-02
6.924010813236236572e-03 2.289395034313201904e-02
5.743741989135742188e-03 2.363104000687599182e-02
7.429629564285278320e-03 2.281860634684562683e-02
6.876140832901000977e-03 2.306761592626571655e-02
7.123097777366638184e-03 2.304075658321380615e-02
6.959304213523864746e-03 2.312042936682701111e-02
8.826956152915954590e-03 2.229535207152366638e-02
8.636385202407836914e-03 2.232491970062255859e-02
8.098542690277099609e-03 2.243362367153167725e-02
8.231043815612792969e-03 2.246498316526412964e-02
8.758068084716796875e-03 2.219981327652931213e-02
7.973887026309967041e-03 2.259917557239532471e-02
7.043033838272094727e-03 2.304413542151451111e-02
4.637070000171661377e-03 2.419371530413627625e-02
5.267255008220672607e-03 2.382524684071540833e-02
4.248812794685363770e-03 2.424673736095428467e-02
5.733057856559753418e-03 2.382097020745277405e-02
6.331056356430053711e-03 2.345629036426544189e-02
4.366561770439147949e-03 2.446554973721504211e-02
4.373371601104736328e-03 2.437525242567062378e-02
3.475360572338104248e-03 2.491962164640426636e-02
1.918345689773559570e-03 2.549709752202033997e-02
3.666929900646209717e-03 2.472524344921112061e-02
3.665819764137268066e-03 2.476099133491516113e-02
3.434523940086364746e-03 2.501054108142852783e-02
3.142900764942169189e-03 2.503773942589759827e-02
3.019206225872039795e-03 2.485721558332443237e-02
4.637435078620910645e-03 2.411960810422897339e-02
5.968846380710601807e-03 2.343650162220001221e-02
3.460362553596496582e-03 2.466242760419845581e-02
4.065483808517456055e-03 2.454180642962455750e-02
2.542257308959960938e-03 2.531925588846206665e-02
3.496497869491577148e-03 2.448350936174392700e-02
4.365667700767517090e-03 2.427920699119567871e-02
5.581572651863098145e-03 2.374291792511940002e-02
6.273485720157623291e-03 2.332815900444984436e-02
4.268810153007507324e-03 2.468409761786460876e-02
5.029365420341491699e-03 2.445592731237411499e-02
5.464583635330200195e-03 2.378000691533088684e-02
6.268091499805450439e-03 2.365785092115402222e-02
7.272005081176757812e-03 2.307432889938354492e-02
9.128794074058532715e-03 2.192320674657821655e-02
7.598593831062316895e-03 2.246565371751785278e-02
1.131650805473327637e-02 2.081732451915740967e-02
1.234214752912521362e-02 2.015495672821998596e-02
1.167261600494384766e-02 2.072101086378097534e-02
1.498865336179733276e-02 1.932521909475326538e-02
1.517280936241149902e-02 1.904868334531784058e-02
1.208087056875228882e-02 2.002410590648651123e-02
1.048336178064346313e-02 2.036012336611747742e-02
6.145678460597991943e-03 2.233221381902694702e-02
3.450818359851837158e-03 2.377905324101448059e-02
1.112803816795349121e-03 2.499603480100631714e-02
-1.065544784069061279e-03 2.648071944713592529e-02
-4.765465855598449707e-03 2.810179069638252258e-02
-6.234332919120788574e-03 2.906220220029354095e-02
-5.931347608566284180e-03 2.908193692564964294e-02
-5.629613995552062988e-03 2.910198271274566650e-02
-3.867059946060180664e-03 2.826697006821632385e-02
-1.689292490482330322e-03 2.730174362659454346e-02
-1.253753900527954102e-03 2.707632258534431458e-02
-4.724711179733276367e-04 2.669701725244522095e-02
1.668855547904968262e-04 2.641179040074348450e-02
3.029391169548034668e-03 2.529528737068176270e-02
3.801129758358001709e-03 2.397374063730239868e-02
4.708491265773773193e-03 2.447703480720520020e-02
4.380583763122558594e-03 2.446789294481277466e-02
6.503611803054809570e-03 2.340847253799438477e-02
7.157199084758758545e-03 2.200175449252128601e-02
5.692325532436370850e-03 2.376402169466018677e-02
5.125552415847778320e-03 2.395021915435791016e-02
5.732253193855285645e-03 2.332390099763870239e-02
6.406486034393310547e-03 2.328431606292724609e-02
6.225720047950744629e-03 2.324077114462852478e-02
4.003852605819702148e-03 2.412676811218261719e-02
3.696262836456298828e-03 2.417451515793800354e-02
3.873445093631744385e-03 2.389673516154289246e-02
4.699647426605224609e-03 2.352226153016090393e-02
5.526646971702575684e-03 2.317987009882926941e-02
4.825457930564880371e-03 2.367319539189338684e-02
5.281396210193634033e-03 2.349466085433959961e-02
4.864819347858428955e-03 2.361688017845153809e-02
4.773497581481933594e-03 2.365738898515701294e-02
5.245305597782135010e-03 2.351303026080131531e-02
5.962550640106201172e-03 2.309465035796165466e-02
5.810618400573730469e-03 2.324387803673744202e-02
7.352806627750396729e-03 2.255662158131599426e-02
7.221788167953491211e-03 2.260151505470275879e-02
7.436640560626983643e-03 2.247708290815353394e-02
7.496908307075500488e-03 2.247083932161331177e-02
6.946466863155364990e-03 2.256736159324645996e-02
5.142807960510253906e-03 2.350754290819168091e-02
6.524793803691864014e-03 2.293989062309265137e-02
7.274240255355834961e-03 2.247758954763412476e-02
7.358305156230926514e-03 2.236668020486831665e-02
8.123561739921569824e-03 2.209739759564399719e-02
6.902381777763366699e-03 2.272745594382286072e-02
6.348110735416412354e-03 2.293886616826057434e-02
6.459690630435943604e-03 2.296900749206542969e-02
5.982905626296997070e-03 2.328371256589889526e-02
5.370981991291046143e-03 2.358950674533843994e-02
5.478352308273315430e-03 2.359377220273017883e-02
5.359403789043426514e-03 2.363543957471847534e-02
4.750154912471771240e-03 2.395419403910636902e-02
6.573021411895751953e-03 2.306796237826347351e-02
7.062621414661407471e-03 2.286883071064949036e-02
7.380917668342590332e-03 2.270673587918281555e-02
8.804589509963989258e-03 2.207883819937705994e-02
7.501661777496337891e-03 2.261943370103836060e-02
7.608816027641296387e-03 2.249814569950103760e-02
7.961943745613098145e-03 2.226040139794349670e-02
7.165297865867614746e-03 2.277083694934844971e-02
6.035551428794860840e-03 2.317335829138755798e-02
5.008019506931304932e-03 2.378663793206214905e-02
4.444420337677001953e-03 2.395430579781532288e-02
4.434950649738311768e-03 2.405558526515960693e-02
3.585398197174072266e-03 2.457344159483909607e-02
4.846677184104919434e-03 2.414648234844207764e-02
5.144916474819183350e-03 2.414602786302566528e-02
5.325183272361755371e-03 2.420403435826301575e-02
2.496272325515747070e-03 2.544628456234931946e-02
2.188578248023986816e-03 2.546817809343338013e-02
3.027148544788360596e-03 2.502938359975814819e-02
-1.476034522056579590e-04 2.656323090195655823e-02
2.298854291439056396e-03 2.540931850671768188e-02
-8.056312799453735352e-05 2.640953287482261658e-02
1.238882541656494141e-03 2.582656592130661011e-02
1.755572855472564697e-03 2.552981674671173096e-02
-5.221366882324218750e-04 2.670073509216308594e-02
-1.833394169807434082e-03 2.732384949922561646e-02
-1.284085214138031006e-03 2.701158076524734497e-02
-1.644268631935119629e-04 2.652756124734878540e-02
-7.869303226470947266e-04 2.666394785046577454e-02
-1.800090074539184570e-03 2.700997143983840942e-02
-1.579441130161285400e-03 2.693327888846397400e-02
-9.408220648765563965e-04 2.669411897659301758e-02
-2.824947237968444824e-03 2.754632383584976196e-02
-4.511699080467224121e-03 2.806484140455722809e-02
-2.571515738964080811e-03 2.705994248390197754e-02
-1.776151359081268311e-03 2.659947052597999573e-02
-3.257945179939270020e-03 2.752429619431495667e-02
-7.100690156221389771e-03 2.931805327534675598e-02
-4.708811640739440918e-03 2.826289460062980652e-02
-4.901550710201263428e-03 2.845567464828491211e-02
-2.875067293643951416e-03 2.726353704929351807e-02
-5.654186010360717773e-03 2.908470667898654938e-02
-5.388036370277404785e-03 2.898261696100234985e-02
-5.648612976074218750e-03 2.852741442620754242e-02
-7.945444434881210327e-03 2.964727953076362610e-02
-8.795961737632751465e-03 2.991865575313568115e-02
-9.078197181224822998e-03 3.015460446476936340e-02
-1.014118269085884094e-02 3.067818656563758850e-02
-1.334376260638237000e-02 3.218095004558563232e-02
-1.139344647526741028e-02 3.149908408522605896e-02
-1.292272657155990601e-02 3.218423575162887573e-02
-1.281081885099411011e-02 3.215151280164718628e-02
-1.334743946790695190e-02 3.221409022808074951e-02
-1.639474928379058838e-02 3.356339037418365479e-02
-1.541030406951904297e-02 3.320617228746414185e-02
-1.491477340459823608e-02 3.287344425916671753e-02
-1.559896022081375122e-02 3.344642743468284607e-02
-1.483891904354095459e-02 3.305038064718246460e-02
-1.386459916830062866e-02 3.256287425756454468e-02
-1.515318080782890320e-02 3.323193266987800598e-02
-1.715413480997085571e-02 3.428129106760025024e-02
-1.547407358884811401e-02 3.340733423829078674e-02
-1.403322070837020874e-02 3.285864368081092834e-02
-1.387849450111389160e-02 3.269985690712928772e-02
-1.446066796779632568e-02 3.292784094810485840e-02
-1.435058563947677612e-02 3.305988386273384094e-02
-1.454634591937065125e-02 3.316626697778701782e-02
-1.264372467994689941e-02 3.228270262479782104e-02
-1.154305040836334229e-02 3.176806122064590454e-02
-1.274260133504867554e-02 3.241436183452606201e-02
-1.460526883602142334e-02 3.342313319444656372e-02
-1.411876827478408813e-02 3.323168307542800903e-02
-1.264329999685287476e-02 3.265450522303581238e-02
-1.278223097324371338e-02 3.274680301547050476e-02
-1.226282864809036255e-02 3.260460495948791504e-02
-1.284271851181983948e-02 3.282625228166580200e-02
-1.340688765048980713e-02 3.325017169117927551e-02
-1.060764864087104797e-02 3.189241141080856323e-02
-1.078480482101440430e-02 3.192509338259696960e-02
-1.043562963604927063e-02 3.169836476445198059e-02
-1.181911677122116089e-02 3.232253342866897583e-02
-1.381056010723114014e-02 3.333307802677154541e-02
-1.421948522329330444e-02 3.351934999227523804e-02
-1.415503770112991333e-02 3.332749754190444946e-02
-1.357360929250717163e-02 3.313380852341651917e-02
-1.384434849023818970e-02 3.309037908911705017e-02
-1.345510780811309814e-02 3.302890807390213013e-02
-1.250081509351730347e-02 3.247801214456558228e-02
-1.195457577705383301e-02 3.218899294734001160e-02
-1.156868040561676025e-02 3.212478011846542358e-02
-1.202180236577987671e-02 3.228896856307983398e-02
-1.193989440798759460e-02 3.225725889205932617e-02
-1.170967891812324524e-02 3.224969655275344849e-02
-1.197584718465805054e-02 3.230000659823417664e-02
-1.248450577259063721e-02 3.249823674559593201e-02
-1.226151362061500549e-02 3.232599049806594849e-02
-1.110954582691192627e-02 3.181509301066398621e-02
-1.110640913248062134e-02 3.191436454653739929e-02
-1.157670840620994568e-02 3.207112103700637817e-02
-1.049397513270378113e-02 3.155278414487838745e-02
-1.087363809347152710e-02 3.188676014542579651e-02
-1.101730018854141235e-02 3.209745511412620544e-02
-1.130141317844390869e-02 3.218934684991836548e-02
-1.040319725871086121e-02 3.172487765550613403e-02
-8.046433329582214355e-03 3.046376630663871765e-02
-3.981553018093109131e-03 2.863910794258117676e-02
-7.521592080593109131e-03 3.014615178108215332e-02
-8.841212838888168335e-03 3.048430196940898895e-02
-1.003037020564079285e-02 3.102682158350944519e-02
-1.032506301999092102e-02 3.108020126819610596e-02
-9.588927030563354492e-03 3.064508922398090363e-02
-9.562108665704727173e-03 3.058851510286331177e-02
-7.913209497928619385e-03 2.988490089774131775e-02
-9.884122759103775024e-03 3.078684583306312561e-02
-1.167579367756843567e-02 3.161702677607536316e-02
-9.860351681709289551e-03 3.084317594766616821e-02
-9.203717112541198730e-03 3.058738261461257935e-02
-8.037492632865905762e-03 2.993415109813213348e-02
-5.482487380504608154e-03 2.873933501541614532e-02
-7.476426661014556885e-03 2.983353473246097565e-02
-9.347576647996902466e-03 3.060889989137649536e-02
-1.290471106767654419e-02 3.208050131797790527e-02
-1.064571738243103027e-02 3.102029301226139069e-02
-1.043356209993362427e-02 3.083547577261924744e-02
-1.133458688855171204e-02 3.120619058609008789e-02
-1.128012686967849731e-02 3.115230426192283630e-02
-1.184203475713729858e-02 3.149689733982086182e-02
-1.181749626994132996e-02 3.156348317861557007e-02
-1.267961412668228149e-02 3.196500614285469055e-02
-1.234412938356399536e-02 3.182605281472206116e-02
-1.261055469512939453e-02 3.191053867340087891e-02
-1.205471903085708618e-02 3.184645250439643860e-02
-1.232200860977172852e-02 3.195283561944961548e-02
-1.456598937511444092e-02 3.298594057559967041e-02
-1.407444477081298828e-02 3.287546336650848389e-02
-1.349927484989166260e-02 3.257846459746360779e-02
-1.250923424959182739e-02 3.214413300156593323e-02
-1.096363365650177002e-02 3.147427737712860107e-02
-1.177535206079483032e-02 3.176566213369369507e-02
-1.130090281367301941e-02 3.149084001779556274e-02
-1.148266717791557312e-02 3.157433122396469116e-02
-1.068013161420822144e-02 3.112205862998962402e-02
-1.075034588575363159e-02 3.108350187540054321e-02
-9.712226688861846924e-03 3.075161017477512360e-02
-8.221529424190521240e-03 3.004180267453193665e-02
-8.796222507953643799e-03 3.024659864604473114e-02
-1.044550910592079163e-02 3.102685511112213135e-02
-9.766228497028350830e-03 3.085522353649139404e-02
-1.039457321166992188e-02 3.113671578466892242e-02
-9.560294449329376221e-03 3.086015209555625916e-02
-8.925478905439376831e-03 3.075823932886123657e-02
-1.026671379804611206e-02 3.122724033892154694e-02
-1.226114481687545776e-02 3.211610391736030579e-02
-1.452106237411499023e-02 3.311840072274208069e-02
-1.370875537395477295e-02 3.280752897262573242e-02
-1.412083581089973450e-02 3.304091468453407288e-02
-1.377183943986892700e-02 3.280896693468093872e-02
-1.146487146615982056e-02 3.172646462917327881e-02
-1.181273907423019409e-02 3.178168088197708130e-02
-1.192219555377960205e-02 3.217722102999687195e-02
-1.354780793190002441e-02 3.284526988863945007e-02
-1.184686273336410522e-02 3.205277770757675171e-02
-1.205425336956977844e-02 3.209846839308738708e-02
-1.069425791501998901e-02 3.144161030650138855e-02
-8.501075208187103271e-03 3.065888024866580963e-02
-9.046457707881927490e-03 3.087870217859745026e-02
-9.775780141353607178e-03 3.132999688386917114e-02
-9.188409894704818726e-03 3.114905953407287598e-02
-7.754404097795486450e-03 3.041808865964412689e-02
-7.448785006999969482e-03 3.015723079442977905e-02
-6.701886653900146484e-03 2.986698038876056671e-02
-6.524588912725448608e-03 2.983487211167812347e-02
-6.274498999118804932e-03 2.969895675778388977e-02
-3.287456929683685303e-03 2.843686565756797791e-02
-2.238050103187561035e-03 2.801357209682464600e-02
2.421140670776367188e-04 2.667526528239250183e-02
1.403853297233581543e-03 2.611378952860832214e-02
4.240430891513824463e-03 2.479002624750137329e-02
4.412107169628143311e-03 2.453579008579254150e-02
9.258687496185302734e-03 2.238743752241134644e-02
1.320140063762664795e-02 2.029243484139442444e-02
1.706971228122711182e-02 1.835071668028831482e-02
2.389637380838394165e-02 1.521152257919311523e-02
2.577720582485198975e-02 1.425374299287796021e-02
2.791190147399902344e-02 1.330249756574630737e-02
2.741900086402893066e-02 1.388869434595108032e-02
2.758827805519104004e-02 1.391732692718505859e-02
2.907811850309371948e-02 1.315123587846755981e-02
2.996218204498291016e-02 1.265290006995201111e-02
2.948357164859771729e-02 1.273198425769805908e-02
2.781008183956146240e-02 1.344829797744750977e-02
2.820628881454467773e-02 1.324626058340072632e-02
2.744741737842559814e-02 1.349423825740814209e-02
2.665390819311141968e-02 1.380556076765060425e-02
2.629466354846954346e-02 1.383996009826660156e-02
2.711871266365051270e-02 1.345380395650863647e-02
2.362705767154693604e-02 1.510106027126312256e-02
2.421475201845169067e-02 1.482838392257690430e-02
2.375897765159606934e-02 1.485109329223632812e-02
2.538260817527770996e-02 1.423021405935287476e-02
2.345727384090423584e-02 1.492589712142944336e-02
2.437643706798553467e-02 1.451160013675689697e-02
2.293293923139572144e-02 1.519433408975601196e-02
2.179815620183944702e-02 1.594196632504463196e-02
2.145201712846755981e-02 1.617421954870223999e-02
2.106600999832153320e-02 1.633119955658912659e-02
1.742060482501983643e-02 1.815362274646759033e-02
1.686450839042663574e-02 1.852337270975112915e-02
1.497842371463775635e-02 1.926844939589500427e-02
1.417641341686248779e-02 1.954375952482223511e-02
1.500709354877471924e-02 1.932652294635772705e-02
1.209339499473571777e-02 2.079995721578598022e-02
6.362803280353546143e-03 2.308353036642074585e-02
3.527641296386718750e-03 2.463262528181076050e-02
-2.180106937885284424e-03 2.767151780426502228e-02
-4.125833511352539062e-03 2.888258360326290131e-02
-5.110546946525573730e-03 2.940151281654834747e-02
-6.648410111665725708e-03 3.008958697319030762e-02
-8.617650717496871948e-03 3.102776408195495605e-02
-1.043253391981124878e-02 3.057718276977539062e-02
-1.084197312593460083e-02 3.229501843452453613e-02
-6.279036402702331543e-03 2.802855707705020905e-02
-8.051097393035888672e-04 2.728341892361640930e-02
-5.247823894023895264e-03 2.833063714206218719e-02
-4.475086927413940430e-03 2.758180536329746246e-02
-3.401182591915130615e-03 2.669465169310569763e-02
-1.837357878684997559e-03 2.615149691700935364e-02
-1.859910786151885986e-03 2.758501097559928894e-02
-2.035960555076599121e-03 2.736513130366802216e-02
-5.308836698532104492e-04 2.470452710986137390e-02
2.384141087532043457e-03 2.287082746624946594e-02
1.380443572998046875e-03 2.425139397382736206e-02
6.781369447708129883e-04 2.485450357198715210e-02
4.279091954231262207e-04 2.204507216811180115e-02
1.097008585929870605e-03 2.378223463892936707e-02
1.000948250293731689e-03 2.689769119024276733e-02
-2.075977623462677002e-03 2.756267413496971130e-02
-2.136714756488800049e-03 2.703545242547988892e-02
-3.233850002288818359e-04 2.577631920576095581e-02
3.409087657928466797e-04 2.655141055583953857e-02
6.017088890075683594e-05 2.693519741296768188e-02
5.396977066993713379e-04 2.403799816966056824e-02
2.288997173309326172e-03 2.338933199644088745e-02
2.793885767459869385e-03 2.317712455987930298e-02
1.891419291496276855e-03 2.237138152122497559e-02
6.357878446578979492e-04 2.468656748533248901e-02
1.370728015899658203e-03 2.510201185941696167e-02
1.104496419429779053e-03 2.316229045391082764e-02
7.236301898956298828e-04 2.272528037428855896e-02
1.723349094390869141e-03 2.598720788955688477e-02
-1.084432005882263184e-04 2.672715485095977783e-02
2.075478434562683105e-03 2.514846622943878174e-02
1.640729606151580811e-03 2.233134210109710693e-02
7.756501436233520508e-04 2.303816378116607666e-02
1.219287514686584473e-04 2.504259347915649414e-02
-2.362281084060668945e-04 2.635316923260688782e-02
-1.990742981433868408e-03 2.758996188640594482e-02
-1.893311738967895508e-03 2.747226692736148834e-02
-5.527660250663757324e-04 2.662147581577301025e-02
-1.631431281566619873e-03 2.691713720560073853e-02
-8.528456091880798340e-04 2.641422674059867859e-02
-1.870982348918914795e-03 2.699000760912895203e-02
-2.849042415618896484e-03 2.746758237481117249e-02
-1.806534826755523682e-03 2.691085264086723328e-02
-5.005620419979095459e-03 2.850298769772052765e-02
-5.100913345813751221e-03 2.828121371567249298e-02
-2.703391015529632568e-03 2.716073021292686462e-02
-6.275676190853118896e-03 2.875714190304279327e-02
-3.862574696540832520e-03 2.782934904098510742e-02
-6.590232253074645996e-03 2.874081954360008240e-02
-7.860593497753143311e-03 2.947714366018772125e-02
-9.051017463207244873e-03 3.015416674315929413e-02
-8.500903844833374023e-03 2.985985018312931061e-02
-7.543265819549560547e-03 2.941268682479858398e-02
-7.686313241720199585e-03 2.955605089664459229e-02
-8.482892066240310669e-03 2.965847775340080261e-02
-6.756316870450973511e-03 2.889578416943550110e-02
-8.734904229640960693e-03 2.985917404294013977e-02
-7.013976573944091797e-03 2.913529425859451294e-02
-7.228016853332519531e-03 2.925526350736618042e-02
-7.009334862232208252e-03 2.915208227932453156e-02
-7.923141121864318848e-03 2.937617897987365723e-02
-6.847113370895385742e-03 2.895588427782058716e-02
-6.354365497827529907e-03 2.876432985067367554e-02
-5.505025386810302734e-03 2.830425836145877838e-02
-6.583660840988159180e-03 2.871439978480339050e-02
-6.220921874046325684e-03 2.852247469127178192e-02
-5.733169615268707275e-03 2.837071008980274200e-02
-5.377486348152160645e-03 2.842132002115249634e-02
-5.821235477924346924e-03 2.850660309195518494e-02
-5.109325051307678223e-03 2.831074222922325134e-02
-5.176007747650146484e-03 2.830987423658370972e-02
-5.001574754714965820e-03 2.810555323958396912e-02
-7.318723946809768677e-03 2.913185209035873413e-02
-6.687771528959274292e-03 2.889566123485565186e-02
-7.089454680681228638e-03 2.903041243553161621e-02
-8.124843239784240723e-03 2.944356203079223633e-02
-7.591269910335540771e-03 2.940497174859046936e-02
-7.037077099084854126e-03 2.929106913506984711e-02
-6.795354187488555908e-03 2.900733798742294312e-02
-6.914317607879638672e-03 2.908602915704250336e-02
-6.408866494894027710e-03 2.879048883914947510e-02
-4.564218223094940186e-03 2.779970690608024597e-02
-2.439700067043304443e-03 2.690068259835243225e-02
-3.023311495780944824e-03 2.722277492284774780e-02
-1.974351704120635986e-03 2.664641663432121277e-02
-2.750530838966369629e-04 2.569289505481719971e-02
-1.035489141941070557e-03 2.616153284907341003e-02
-6.153583526611328125e-04 2.600423991680145264e-02
-1.254752278327941895e-03 2.632825076580047607e-02
-2.176813781261444092e-03 2.659437805414199829e-02
-2.777636051177978516e-03 2.705458551645278931e-02
-2.798154950141906738e-03 2.706275135278701782e-02
-1.581832766532897949e-03 2.639494463801383972e-02
-6.680637598037719727e-04 2.605818957090377808e-02
-1.748673617839813232e-03 2.650088816881179810e-02
-1.947373151779174805e-03 2.660502865910530090e-02
4.486739635467529297e-05 2.568017318844795227e-02
-3.075599670410156250e-05 2.584102749824523926e-02
2.448260784149169922e-04 2.572785317897796631e-02
6.443262100219726562e-05 2.580939605832099915e-02
1.579374074935913086e-04 2.582791820168495178e-02
-2.770721912384033203e-04 2.603068202733993530e-02
-2.600774168968200684e-04 2.605546265840530396e-02
-3.331452608108520508e-04 2.608739957213401794e-02
-1.215927302837371826e-03 2.635808289051055908e-02
-2.719461917877197266e-04 2.587908878922462463e-02
1.400634646415710449e-03 2.521755918860435486e-02
-6.890967488288879395e-04 2.615020796656608582e-02
-1.078754663467407227e-03 2.654649317264556885e-02
-2.673566341400146484e-04 2.606996148824691772e-02
9.405165910720825195e-04 2.542584761977195740e-02
4.111081361770629883e-04 2.564045041799545288e-02
-5.543977022171020508e-04 2.623925358057022095e-02
-2.627372741699218750e-04 2.626562863588333130e-02
9.256079792976379395e-04 2.553260326385498047e-02
4.552006721496582031e-04 2.571736276149749756e-02
1.887530088424682617e-04 2.588147297501564026e-02
7.876604795455932617e-04 2.544824033975601196e-02
1.013644039630889893e-03 2.535351365804672241e-02
1.680999994277954102e-03 2.499862015247344971e-02
2.412505447864532471e-03 2.459091693162918091e-02
3.174997866153717041e-03 2.432581782341003418e-02
3.605782985687255859e-03 2.413913235068321228e-02
4.608586430549621582e-03 2.378094941377639771e-02
6.009079515933990479e-03 2.316858619451522827e-02
8.313193917274475098e-03 2.202612161636352539e-02
8.908487856388092041e-03 2.184645459055900574e-02
8.585989475250244141e-03 2.224205061793327332e-02
7.905185222625732422e-03 2.251102402806282043e-02
7.899343967437744141e-03 2.246978133916854858e-02
7.540412247180938721e-03 2.277659624814987183e-02
6.449609994888305664e-03 2.314052358269691467e-02
8.581839501857757568e-03 2.216048166155815125e-02
9.606108069419860840e-03 2.177097648382186890e-02
8.863180875778198242e-03 2.234771847724914551e-02
8.525907993316650391e-03 2.218844741582870483e-02
6.802514195442199707e-03 2.294769138097763062e-02
8.109271526336669922e-03 2.221436798572540283e-02
9.689927101135253906e-03 2.143095433712005615e-02
9.496815502643585205e-03 2.146174013614654541e-02
8.481711149215698242e-03 2.197175472974777222e-02
7.455840706825256348e-03 2.261845394968986511e-02
9.676009416580200195e-03 2.133742347359657288e-02
7.537394762039184570e-03 2.246169000864028931e-02
6.301425397396087646e-03 2.302172034978866577e-02
9.491361677646636963e-03 2.178370952606201172e-02
8.296258747577667236e-03 2.249963209033012390e-02
7.322207093238830566e-03 2.293009683489799500e-02
7.241114974021911621e-03 2.258502319455146790e-02
6.348408758640289307e-03 2.305048704147338867e-02
7.408738136291503906e-03 2.288042008876800537e-02
6.896689534187316895e-03 2.307604253292083740e-02
8.524678647518157959e-03 2.250884845852851868e-02
7.425770163536071777e-03 2.273759618401527405e-02
9.143739938735961914e-03 2.222999185323715210e-02
7.673628628253936768e-03 2.273028716444969177e-02
9.012460708618164062e-03 2.212904393672943115e-02
1.024198532104492188e-02 2.116541564464569092e-02
1.002985984086990356e-02 2.131287381052970886e-02
6.022997200489044189e-03 2.332122623920440674e-02
2.800196409225463867e-03 2.466211095452308655e-02
3.845989704132080078e-03 2.423070371150970459e-02
3.003880381584167480e-03 2.446291595697402954e-02
2.058111131191253662e-03 2.487056329846382141e-02
1.196593046188354492e-03 2.534303441643714905e-02
6.681606173515319824e-04 2.551682293415069580e-02
6.512999534606933594e-04 2.528685703873634338e-02
-1.828640699386596680e-03 2.641072124242782593e-02
1.905933022499084473e-04 2.551097422838211060e-02
1.328907907009124756e-03 2.502506226301193237e-02
-1.775637269020080566e-03 2.640353888273239136e-02
4.903003573417663574e-04 2.527963370084762573e-02
-1.528650522232055664e-03 2.621468529105186462e-02
-2.937570214271545410e-03 2.722126618027687073e-02
-1.916736364364624023e-04 2.608205378055572510e-02
-2.637967467308044434e-03 2.714911848306655884e-02
-5.415081977844238281e-04 2.619564533233642578e-02
-4.050455987453460693e-03 2.777490951120853424e-02
-4.170544445514678955e-03 2.755755372345447540e-02
-5.006179213523864746e-03 2.778721600770950317e-02
-1.772411167621612549e-03 2.646892145276069641e-02
-2.585396170616149902e-03 2.682133391499519348e-02
-2.684533596038818359e-03 2.675390243530273438e-02
-3.484413027763366699e-03 2.701619267463684082e-02
-4.851102828979492188e-03 2.768368273973464966e-02
-4.382662475109100342e-03 2.752257697284221649e-02
-5.927868187427520752e-03 2.835188433527946472e-02
-7.391482591629028320e-03 2.909515425562858582e-02
-6.359376013278961182e-03 2.856578677892684937e-02
-5.902305245399475098e-03 2.842233143746852875e-02
-4.422113299369812012e-03 2.777684852480888367e-02
-5.461782217025756836e-03 2.820547483861446381e-02
-4.409112036228179932e-03 2.757420390844345093e-02
-5.886301398277282715e-03 2.817178890109062195e-02
-4.920095205307006836e-03 2.775049954652786255e-02
-3.942638635635375977e-03 2.731411531567573547e-02
-5.288526415824890137e-03 2.795463055372238159e-02
-4.309587180614471436e-03 2.756902761757373810e-02
-4.621550440788269043e-03 2.770963311195373535e-02
-2.773344516754150391e-03 2.683019638061523438e-02
-2.925023436546325684e-03 2.679405361413955688e-02
-1.322142779827117920e-03 2.612566947937011719e-02
-1.566082239151000977e-03 2.636336535215377808e-02
-2.815276384353637695e-04 2.604694291949272156e-02
1.299113035202026367e-03 2.523046731948852539e-02
8.321031928062438965e-04 2.531027793884277344e-02
-1.983791589736938477e-04 2.567703276872634888e-02
2.370640635490417480e-03 2.458997443318367004e-02
2.017356455326080322e-03 2.471088990569114685e-02
2.489387989044189453e-03 2.453981339931488037e-02
3.808662295341491699e-03 2.387067675590515137e-02
4.130989313125610352e-03 2.361939474940299988e-02
2.287596464157104492e-03 2.475268766283988953e-02
1.877337694168090820e-03 2.477362751960754395e-02
3.005363047122955322e-03 2.441762760281562805e-02
5.297653377056121826e-03 2.335552126169204712e-02
7.986336946487426758e-03 2.198764681816101074e-02
9.726949036121368408e-03 2.117179334163665771e-02
9.571991860866546631e-03 2.145551517605781555e-02
6.540849804878234863e-03 2.262667566537857056e-02
8.126154541969299316e-03 2.183205634355545044e-02
7.465392351150512695e-03 2.183440700173377991e-02
8.197113871574401855e-03 2.161051332950592041e-02
5.554862320423126221e-03 2.281744033098220825e-02
8.539512753486633301e-03 2.128066122531890869e-02
7.138550281524658203e-03 2.211111783981323242e-02
6.573021411895751953e-03 2.208226174116134644e-02
7.141128182411193848e-03 2.198588103055953979e-02
9.349741041660308838e-03 2.096690610051155090e-02
8.738830685615539551e-03 2.138201147317886353e-02
6.655514240264892578e-03 2.237733453512191772e-02
8.714690804481506348e-03 2.127987891435623169e-02
1.040884852409362793e-02 2.047915011644363403e-02
9.491160511970520020e-03 2.108791843056678772e-02
8.841872215270996094e-03 2.157873287796974182e-02
8.745655417442321777e-03 2.159863337874412537e-02
6.873816251754760742e-03 2.238694578409194946e-02
5.742184817790985107e-03 2.288652956485748291e-02
8.823469281196594238e-03 2.125202119350433350e-02
9.361416101455688477e-03 2.108975499868392944e-02
5.576521158218383789e-03 2.306645736098289490e-02
5.085401237010955811e-03 2.321453392505645752e-02
6.199486553668975830e-03 2.265570312738418579e-02
5.001679062843322754e-03 2.335697412490844727e-02
3.405869007110595703e-03 2.412749081850051880e-02
4.411198198795318604e-03 2.372334897518157959e-02
2.011612057685852051e-03 2.488583326339721680e-02
1.785337924957275391e-03 2.486019954085350037e-02
9.089186787605285645e-04 2.528372779488563538e-02
5.553811788558959961e-04 2.540859207510948181e-02
-2.509355545043945312e-05 2.557541429996490479e-02
-4.550367593765258789e-04 2.568086981773376465e-02
1.313842833042144775e-03 2.512961998581886292e-02
2.856776118278503418e-04 2.544561401009559631e-02
6.151944398880004883e-05 2.547812461853027344e-02
-2.740249037742614746e-04 2.573104202747344971e-02
6.154030561447143555e-04 2.520353347063064575e-02
1.186996698379516602e-03 2.513016760349273682e-02
5.392357707023620605e-04 2.551295608282089233e-02
1.076310873031616211e-03 2.517917379736900330e-02
-1.166000962257385254e-03 2.653912082314491272e-02
-3.210321068763732910e-03 2.733948826789855957e-02
-3.842860460281372070e-03 2.757862396538257599e-02
-7.125850766897201538e-03 2.941408380866050720e-02
-1.057690382003784180e-02 3.092096559703350067e-02
-1.034016907215118408e-02 3.106571547687053680e-02
-1.048625260591506958e-02 3.119128569960594177e-02
-1.077735051512718201e-02 3.140459209680557251e-02
-1.093512028455734253e-02 3.166055679321289062e-02
-7.396459579467773438e-03 3.011260554194450378e-02
-8.817382156848907471e-03 3.087643533945083618e-02
-8.314087986946105957e-03 3.071100451052188873e-02
-9.154990315437316895e-03 3.114083781838417053e-02
-9.011179208755493164e-03 3.085068427026271820e-02
-9.203523397445678711e-03 3.087458387017250061e-02
-1.036673039197921753e-02 3.140601888298988342e-02
-1.148030161857604980e-02 3.185941278934478760e-02
-1.338621228933334351e-02 3.261059522628784180e-02
-1.226466894149780273e-02 3.210041299462318420e-02
-1.251062005758285522e-02 3.242971003055572510e-02
-1.422066614031791687e-02 3.293173387646675110e-02
-1.505069807171821594e-02 3.327895700931549072e-02
-1.472140848636627197e-02 3.295425325632095337e-02
-1.456477493047714233e-02 3.280930593609809875e-02
-1.355215907096862793e-02 3.241736441850662231e-02
-1.173900812864303589e-02 3.155102953314781189e-02
-1.212693750858306885e-02 3.180394321680068970e-02
-1.227446645498275757e-02 3.192131966352462769e-02
-1.372131705284118652e-02 3.259050473570823669e-02
-1.480926573276519775e-02 3.306592255830764771e-02
-1.367515698075294495e-02 3.255837038159370422e-02
-1.467648148536682129e-02 3.293769434094429016e-02
-1.477937400341033936e-02 3.299336135387420654e-02
-1.414290070533752441e-02 3.273484483361244202e-02
-1.371094584465026855e-02 3.247324749827384949e-02
-1.339823752641677856e-02 3.228735923767089844e-02
-1.379201561212539673e-02 3.253097087144851685e-02
-1.369111239910125732e-02 3.250576183199882507e-02
-1.270757615566253662e-02 3.209546208381652832e-02
-1.282499730587005615e-02 3.221401572227478027e-02
-1.359101012349128723e-02 3.258470818400382996e-02
-1.401237398386001587e-02 3.277988731861114502e-02
-1.375959068536758423e-02 3.274329751729965210e-02
-1.377249509096145630e-02 3.274942189455032349e-02
-1.352049410343170166e-02 3.265506401658058167e-02
-1.482751592993736267e-02 3.323946893215179443e-02
-1.323433220386505127e-02 3.255738317966461182e-02
-1.382554322481155396e-02 3.277390450239181519e-02
-1.324564963579177856e-02 3.253966942429542542e-02
-1.345700398087501526e-02 3.263381868600845337e-02
-1.272843405604362488e-02 3.228447586297988892e-02
-1.438718289136886597e-02 3.301724046468734741e-02
-1.302835345268249512e-02 3.240261226892471313e-02
-1.457995176315307617e-02 3.302606195211410522e-02
-1.356238871812820435e-02 3.262686356902122498e-02
-1.467130705714225769e-02 3.305946290493011475e-02
-1.437754184007644653e-02 3.295148909091949463e-02
-1.575640588998794556e-02 3.354251384735107422e-02
-1.494750753045082092e-02 3.328527882695198059e-02
-1.425457000732421875e-02 3.294191136956214905e-02
-1.447317749261856079e-02 3.307741880416870117e-02
-1.382941752672195435e-02 3.280883282423019409e-02
-1.356998831033706665e-02 3.267226740717887878e-02
-1.361212134361267090e-02 3.276012837886810303e-02
-1.408508792519569397e-02 3.287711739540100098e-02
-1.403772458434104919e-02 3.284449502825737000e-02
-1.422231271862983704e-02 3.290212154388427734e-02
-1.404713094234466553e-02 3.286059200763702393e-02
-1.372248679399490356e-02 3.280046209692955017e-02
-1.429037004709243774e-02 3.311182186007499695e-02
-1.526323705911636353e-02 3.348134085536003113e-02
-1.468510180711746216e-02 3.327155113220214844e-02
-1.459332555532455444e-02 3.326235711574554443e-02
-1.496371626853942871e-02 3.340027108788490295e-02
-1.529745757579803467e-02 3.350389003753662109e-02
-1.553779840469360352e-02 3.362467139959335327e-02
-1.551961898803710938e-02 3.361065313220024109e-02
-1.491538435220718384e-02 3.331549093127250671e-02
-1.573829725384712219e-02 3.382660448551177979e-02
-1.636458188295364380e-02 3.411712497472763062e-02
-1.678828150033950806e-02 3.429662436246871948e-02
-1.561289280652999878e-02 3.371810168027877808e-02
-1.540514454245567322e-02 3.371197357773780823e-02
-1.535843685269355774e-02 3.370307013392448425e-02
-1.539789140224456787e-02 3.369148820638656616e-02
-1.571686193346977234e-02 3.383805975317955017e-02
-1.566075161099433899e-02 3.387158736586570740e-02
-1.559208333492279053e-02 3.377344086766242981e-02
-1.534285396337509155e-02 3.368978202342987061e-02
-1.591952890157699585e-02 3.393343836069107056e-02
-1.590435951948165894e-02 3.388411924242973328e-02
-1.505003869533538818e-02 3.352293744683265686e-02
-1.535424590110778809e-02 3.373947367072105408e-02
-1.472270488739013672e-02 3.340977430343627930e-02
-1.423147320747375488e-02 3.310400247573852539e-02
-1.348918676376342773e-02 3.261721879243850708e-02
-1.446882635354995728e-02 3.309032320976257324e-02
-1.548933237791061401e-02 3.353822231292724609e-02
-1.518458500504493713e-02 3.340230882167816162e-02
-1.498835533857345581e-02 3.318902477622032166e-02
-1.547506451606750488e-02 3.328502178192138672e-02
-1.545010507106781006e-02 3.323694691061973572e-02
-1.527148485183715820e-02 3.319889679551124573e-02
-1.562356948852539062e-02 3.331656754016876221e-02
-1.544939726591110229e-02 3.316051512956619263e-02
-1.591769233345985413e-02 3.331704065203666687e-02
-1.639035344123840332e-02 3.349325805902481079e-02
-1.627323403954505920e-02 3.345464542508125305e-02
-1.622751355171203613e-02 3.347478806972503662e-02
-1.524033024907112122e-02 3.297786787152290344e-02
-1.468339562416076660e-02 3.285454958677291870e-02
-1.527688652276992798e-02 3.316698595881462097e-02
-1.494290679693222046e-02 3.299748525023460388e-02
-1.498021185398101807e-02 3.306625038385391235e-02
-1.502893865108489990e-02 3.312523663043975830e-02
-1.454169303178787231e-02 3.296511992812156677e-02
-1.528193801641464233e-02 3.325144946575164795e-02
-1.577567309141159058e-02 3.349449113011360168e-02
-1.680087298154830933e-02 3.404623270034790039e-02
-1.626281067728996277e-02 3.372729197144508362e-02
-1.681061089038848877e-02 3.400542587041854858e-02
-1.621215045452117920e-02 3.372351080179214478e-02
-1.577295362949371338e-02 3.335681557655334473e-02
-1.539364457130432129e-02 3.325252979993820190e-02
-1.508816331624984741e-02 3.315382078289985657e-02
-1.671858876943588257e-02 3.393844142556190491e-02
-1.518203318119049072e-02 3.338024020195007324e-02
-1.422892510890960693e-02 3.294511884450912476e-02
-1.569667831063270569e-02 3.366228565573692322e-02
-1.579360663890838623e-02 3.377734869718551636e-02
-1.704500615596771240e-02 3.439408913254737854e-02
-1.716843992471694946e-02 3.445767983794212341e-02
-1.814116910099983215e-02 3.487013280391693115e-02
-1.975074410438537598e-02 3.553193807601928711e-02
-1.931230351328849792e-02 3.549243509769439697e-02
-1.753557473421096802e-02 3.487379476428031921e-02
