-8.671991527080535889e-03 3.047302365303039551e-02
-1.115843653678894043e-02 3.159097582101821899e-02
-1.009048148989677429e-02 3.115965612232685089e-02
-1.033778488636016846e-02 3.139186650514602661e-02
-1.054241508245468140e-02 3.149145841598510742e-02
-1.040164753794670105e-02 3.149565681815147400e-02
-1.058933138847351074e-02 3.158007189631462097e-02
-1.107048243284225464e-02 3.170803934335708618e-02
-1.088242232799530029e-02 3.159614652395248413e-02
-1.064051687717437744e-02 3.158320114016532898e-02
-1.014068350195884705e-02 3.133516013622283936e-02
-1.000868901610374451e-02 3.130935877561569214e-02
-1.051327958703041077e-02 3.151505813002586365e-02
-1.123883575201034546e-02 3.187150135636329651e-02
-1.014265790581703186e-02 3.126712888479232788e-02
-1.086229458451271057e-02 3.153238445520401001e-02
-1.037307828664779663e-02 3.134285658597946167e-02
-1.067726314067840576e-02 3.151303529739379883e-02
-9.633779525756835938e-03 3.111190348863601685e-02
-9.576536715030670166e-03 3.107403591275215149e-02
-9.749975055456161499e-03 3.113458305597305298e-02
-1.094101369380950928e-02 3.162874653935432434e-02
-1.145677268505096436e-02 3.196510672569274902e-02
-1.115240901708602905e-02 3.193723037838935852e-02
-1.151964068412780762e-02 3.219699487090110779e-02
-1.213776320219039917e-02 3.234059363603591919e-02
-1.237526535987854004e-02 3.250021114945411682e-02
-1.432280987501144409e-02 3.340891748666763306e-02
-1.447565108537673950e-02 3.343811258673667908e-02
-1.516006141901016235e-02 3.368642926216125488e-02
-1.380443572998046875e-02 3.306655585765838623e-02
-1.419731229543685913e-02 3.312888368964195251e-02
-1.427438110113143921e-02 3.333438932895660400e-02
-1.497175544500350952e-02 3.358738124370574951e-02
-1.502215862274169922e-02 3.353597968816757202e-02
-1.431713998317718506e-02 3.328484296798706055e-02
-1.383186504244804382e-02 3.310246020555496216e-02
-1.349412277340888977e-02 3.294997662305831909e-02
-1.420946046710014343e-02 3.324858471751213074e-02
-1.348689198493957520e-02 3.294252604246139526e-02
-1.458125188946723938e-02 3.353106230497360229e-02
-1.342375203967094421e-02 3.300000727176666260e-02
-1.364815980195999146e-02 3.310818970203399658e-02
-1.368749514222145081e-02 3.323872759938240051e-02
-1.284579932689666748e-02 3.266691789031028748e-02
-1.422230154275894165e-02 3.325340896844863892e-02
-1.355843245983123779e-02 3.301277384161949158e-02
-1.390981674194335938e-02 3.331899642944335938e-02
-1.305929943919181824e-02 3.275255113840103149e-02
-1.359503716230392456e-02 3.295123204588890076e-02
-1.362243294715881348e-02 3.300146013498306274e-02
-1.357107609510421753e-02 3.298015147447586060e-02
-1.388669013977050781e-02 3.308181464672088623e-02
-1.411155983805656433e-02 3.310447931289672852e-02
-1.423599198460578918e-02 3.326274827122688293e-02
-1.288932561874389648e-02 3.252816572785377502e-02
-1.319767534732818604e-02 3.273271396756172180e-02
-1.356890797615051270e-02 3.290475532412528992e-02
-1.314809173345565796e-02 3.282440826296806335e-02
-1.426066085696220398e-02 3.342295438051223755e-02
-1.554567739367485046e-02 3.387063369154930115e-02
-1.481072604656219482e-02 3.355065733194351196e-02
-1.518326625227928162e-02 3.370428085327148438e-02
-1.417025923728942871e-02 3.327815979719161987e-02
-1.689462363719940186e-02 3.434057161211967468e-02
-1.525213569402694702e-02 3.435358405113220215e-02
-1.398736983537673950e-02 3.304856270551681519e-02
-1.451735198497772217e-02 3.323188424110412598e-02
-1.170735061168670654e-02 3.223387897014617920e-02
-1.219935715198516846e-03 2.681126445531845093e-02
-8.492216467857360840e-03 3.022367507219314575e-02
-1.086551323533058167e-02 3.154532983899116516e-02
-9.439188987016677856e-03 3.093843907117843628e-02
-1.019524782896041870e-02 3.128912672400474548e-02
-9.475499391555786133e-03 3.084950521588325500e-02
-1.040459424257278442e-02 3.129707276821136475e-02
-8.021373301744461060e-03 3.018697723746299744e-02
6.686747074127197266e-04 2.592841535806655884e-02
-2.471396699547767639e-02 3.833947330713272095e-02
-1.314481347799301147e-02 3.225945681333541870e-02
-1.304874569177627563e-02 3.243073448538780212e-02
-1.187530905008316040e-02 3.178275749087333679e-02
-1.224679127335548401e-02 3.193480521440505981e-02
-1.063648611307144165e-02 3.115497902035713196e-02
-1.160833984613418579e-02 3.155949711799621582e-02
-1.124538108706474304e-02 3.153976798057556152e-02
-1.135341823101043701e-02 3.160791099071502686e-02
-1.180198788642883301e-02 3.191543743014335632e-02
-1.227204501628875732e-02 3.201334178447723389e-02
-1.192057877779006958e-02 3.182851895689964294e-02
-1.143001392483711243e-02 3.170990943908691406e-02
-1.004064828157424927e-02 3.089872375130653381e-02
-1.110164821147918701e-02 3.149937838315963745e-02
-1.117178797721862793e-02 3.153560683131217957e-02
-1.230861246585845947e-02 3.184660151600837708e-02
-1.078398525714874268e-02 3.120389953255653381e-02
-1.116989552974700928e-02 3.106951527297496796e-02
-1.188261806964874268e-02 3.154453635215759277e-02
-1.117506623268127441e-02 3.121960535645484924e-02
-1.114591211080551147e-02 3.120134584605693817e-02
-1.074497401714324951e-02 3.095649927854537964e-02
-1.035886257886886597e-02 3.081370890140533447e-02
-1.001962274312973022e-02 3.061855956912040710e-02
-9.436585009098052979e-03 3.031816333532333374e-02
-8.952409029006958008e-03 3.018839098513126373e-02
-9.126868098974227905e-03 3.030187636613845825e-02
-9.576335549354553223e-03 3.051212430000305176e-02
-8.806645870208740234e-03 3.014850988984107971e-02
-8.589707314968109131e-03 3.009042143821716309e-02
-8.548602461814880371e-03 3.015509620308876038e-02
-9.206049144268035889e-03 3.039713576436042786e-02
-8.303143084049224854e-03 2.994921803474426270e-02
-8.237689733505249023e-03 2.991317585110664368e-02
-9.273387491703033447e-03 3.043063916265964508e-02
-9.114086627960205078e-03 3.033247776329517365e-02
-1.027989014983177185e-02 3.093625977635383606e-02
-1.024790108203887939e-02 3.097586520016193390e-02
-9.403787553310394287e-03 3.056131675839424133e-02
-8.073709905147552490e-03 2.982738986611366272e-02
-9.601801633834838867e-03 3.058344684541225433e-02
-8.507743477821350098e-03 2.999336831271648407e-02
-9.224437177181243896e-03 3.040265850722789764e-02
-9.298935532569885254e-03 3.053501993417739868e-02
-8.759759366512298584e-03 3.019954264163970947e-02
-9.469080716371536255e-03 3.063463978469371796e-02
-9.145889431238174438e-03 3.046550042927265167e-02
-9.098432958126068115e-03 3.048197925090789795e-02
-9.500809013843536377e-03 3.069864585995674133e-02
-9.407449513673782349e-03 3.059214353561401367e-02
-8.450128138065338135e-03 3.012526221573352814e-02
-7.483303546905517578e-03 2.969815954566001892e-02
-8.036322891712188721e-03 2.992087602615356445e-02
-7.978443056344985962e-03 2.984799817204475403e-02
-7.859423756599426270e-03 2.982040494680404663e-02
-8.197046816349029541e-03 3.005407378077507019e-02
-7.778361439704895020e-03 2.992400527000427246e-02
-7.636848837137222290e-03 2.981119416654109955e-02
-8.672226220369338989e-03 3.024026006460189819e-02
-7.822729647159576416e-03 2.991661429405212402e-02
-7.689572870731353760e-03 2.979350462555885315e-02
-8.194971829652786255e-03 3.004149347543716431e-02
-7.683414965867996216e-03 2.974309027194976807e-02
-8.673619478940963745e-03 3.026326745748519897e-02
-7.751367986202239990e-03 2.978540584444999695e-02
-8.885309100151062012e-03 3.028578311204910278e-02
-8.640605956315994263e-03 3.024512529373168945e-02
-8.810754865407943726e-03 3.039242327213287354e-02
-8.629433810710906982e-03 3.028980456292629242e-02
-7.617589086294174194e-03 2.979873120784759521e-02
-8.369468152523040771e-03 3.010563552379608154e-02
-8.317418396472930908e-03 3.006494417786598206e-02
-8.281216025352478027e-03 3.003896772861480713e-02
-8.367326110601425171e-03 3.005582280457019806e-02
-8.630558848381042480e-03 3.009936586022377014e-02
-9.128317236900329590e-03 3.040028922259807587e-02
-8.451350033283233643e-03 3.022445738315582275e-02
-8.367780596017837524e-03 3.024083748459815979e-02
-8.790403604507446289e-03 3.043770417571067810e-02
-9.084574878215789795e-03 3.045676276087760925e-02
-7.900405675172805786e-03 2.993844449520111084e-02
-9.077101945877075195e-03 3.034871071577072144e-02
-8.786194026470184326e-03 3.027968108654022217e-02
-8.993159979581832886e-03 3.046568110585212708e-02
9.264573454856872559e-04 2.598199993371963501e-02
-9.401008486747741699e-03 3.052274882793426514e-02
-9.785912930965423584e-03 3.057467192411422729e-02
-1.594618335366249084e-02 3.389817848801612854e-02
6.002195179462432861e-03 2.304840460419654846e-02
-4.218861460685729980e-03 2.811248600482940674e-02
-5.131185054779052734e-03 2.846406772732734680e-02
-5.245305597782135010e-03 2.859998494386672974e-02
-4.353091120719909668e-03 2.822830528020858765e-02
-3.521785140037536621e-03 2.794461324810981750e-02
-4.247397184371948242e-03 2.837375365197658539e-02
-3.073737025260925293e-04 2.649325877428054810e-02
8.102431893348693848e-03 2.230593562126159668e-02
-5.747281014919281006e-03 2.925030514597892761e-02
-4.797123372554779053e-03 2.874685451388359070e-02
-4.147015511989593506e-03 2.852223441004753113e-02
-7.055059075355529785e-03 2.965930104255676270e-02
-4.891678690910339355e-03 2.886303141713142395e-02
-4.645459353923797607e-03 2.875368669629096985e-02
-4.423163831233978271e-03 2.882248908281326294e-02
-4.939779639244079590e-03 2.917989157140254974e-02
-3.799602389335632324e-03 2.861946262419223785e-02
-1.906082034111022949e-03 2.778336592018604279e-02
-2.599067986011505127e-03 2.817877382040023804e-02
-1.848116517066955566e-03 2.789340913295745850e-02
-2.990879118442535400e-03 2.826861292123794556e-02
-3.319278359413146973e-03 2.841892279684543610e-02
-3.794722259044647217e-03 2.859897911548614502e-02
-4.449695348739624023e-03 2.899795770645141602e-02
-2.846553921699523926e-03 2.813733555376529694e-02
-2.480223774909973145e-03 2.791907265782356262e-02
-2.034917473793029785e-03 2.766965329647064209e-02
-1.185074448585510254e-03 2.731184661388397217e-02
-2.283006906509399414e-03 2.787426300346851349e-02
-2.435281872749328613e-03 2.776861935853958130e-02
-3.622919321060180664e-03 2.812981978058815002e-02
-4.434026777744293213e-03 2.863867208361625671e-02
-4.897549748420715332e-03 2.890606597065925598e-02
-5.682140588760375977e-03 2.936964854598045349e-02
-5.458176136016845703e-03 2.944536879658699036e-02
-6.630904972553253174e-03 3.002082183957099915e-02
-5.868934094905853271e-03 2.955063059926033020e-02
-4.942752420902252197e-03 2.919546142220497131e-02
-6.088681519031524658e-03 2.959818392992019653e-02
-7.423885166645050049e-03 3.007542714476585388e-02
-8.968852460384368896e-03 3.068789467215538025e-02
-6.857201457023620605e-03 2.982362359762191772e-02
-6.375443190336227417e-03 2.964255213737487793e-02
-5.258470773696899414e-03 2.910009026527404785e-02
-5.306117236614227295e-03 2.919892035424709320e-02
-6.007008254528045654e-03 2.943003736436367035e-02
-5.499735474586486816e-03 2.913018874824047089e-02
-3.328293561935424805e-03 2.823575958609580994e-02
-3.363646566867828369e-03 2.832006290555000305e-02
-3.478392958641052246e-03 2.834437415003776550e-02
-3.643482923507690430e-03 2.840683236718177795e-02
-3.996327519416809082e-03 2.859877794981002808e-02
-2.982273697853088379e-03 2.798218838870525360e-02
-3.977760672569274902e-03 2.844624407589435577e-02
-4.108473658561706543e-03 2.855667844414710999e-02
-4.964239895343780518e-03 2.895378321409225464e-02
-6.708864122629165649e-03 2.986273728311061859e-02
-5.631215870380401611e-03 2.937344461679458618e-02
-5.276963114738464355e-03 2.919131331145763397e-02
-5.533114075660705566e-03 2.938877046108245850e-02
-5.577459931373596191e-03 2.931399643421173096e-02
-6.685689091682434082e-03 2.982491627335548401e-02
-6.713062524795532227e-03 2.976045943796634674e-02
-6.630688905715942383e-03 2.949039638042449951e-02
-8.177570998668670654e-03 3.011559695005416870e-02
-7.296480238437652588e-03 2.987466007471084595e-02
-7.642507553100585938e-03 2.996934205293655396e-02
-8.286818861961364746e-03 3.014337271451950073e-02
-7.187284529209136963e-03 2.981322631239891052e-02
-7.106050848960876465e-03 2.977770194411277771e-02
-6.764665246009826660e-03 2.959941700100898743e-02
-6.455499678850173950e-03 2.974139899015426636e-02
-6.182514131069183350e-03 2.973440289497375488e-02
-5.953080952167510986e-03 2.924750000238418579e-02
-8.086606860160827637e-03 3.021596744656562805e-02
-4.122987389564514160e-03 2.856029942631721497e-02
-3.115907311439514160e-03 2.815345302224159241e-02
-5.036950111389160156e-03 2.884454652667045593e-02
-5.257681012153625488e-03 2.872563526034355164e-02
-3.585509955883026123e-03 2.795969136059284210e-02
-6.738375872373580933e-03 2.927819266915321350e-02
-4.679054021835327148e-03 2.848033234477043152e-02
-2.520039677619934082e-03 2.750948071479797363e-02
-2.853170037269592285e-03 2.745545282959938049e-02
-5.289606750011444092e-03 2.860444225370883942e-02
-5.320787429809570312e-03 2.839614078402519226e-02
-5.251646041870117188e-03 2.843508869409561157e-02
-8.205763995647430420e-03 2.997912093997001648e-02
-9.834147989749908447e-03 3.057108074426651001e-02
-9.803678840398788452e-03 3.063537180423736572e-02
-1.021093875169754028e-02 3.081759065389633179e-02
-9.791262447834014893e-03 3.063829243183135986e-02
-9.738121181726455688e-03 3.059535659849643707e-02
-1.014215871691703796e-02 3.083848208189010620e-02
-9.839750826358795166e-03 3.064677119255065918e-02
-1.007560640573501587e-02 3.073554858565330505e-02
-1.002327352762222290e-02 3.075691685080528259e-02
-1.004112139344215393e-02 3.069716319441795349e-02
-9.461641311645507812e-03 3.050498664379119873e-02
-8.026458323001861572e-03 2.985073626041412354e-02
-7.856838405132293701e-03 2.965621650218963623e-02
-9.837821125984191895e-03 3.064277395606040955e-02
-9.959354996681213379e-03 3.063679486513137817e-02
-1.007199287414550781e-02 3.067085891962051392e-02
-9.631600230932235718e-03 3.046773001551628113e-02
-9.530343115329742432e-03 3.045035898685455322e-02
-9.347610175609588623e-03 3.042258508503437042e-02
-8.373118937015533447e-03 3.007442131638526917e-02
-9.412147104740142822e-03 3.048778884112834930e-02
-1.047839969396591187e-02 3.092593327164649963e-02
-9.803764522075653076e-03 3.060628846287727356e-02
-1.013040170073509216e-02 3.076399490237236023e-02
-8.920803666114807129e-03 3.035043552517890930e-02
-7.734239101409912109e-03 2.978817932307720184e-02
-7.309667766094207764e-03 2.941269986331462860e-02
-6.513424217700958252e-03 2.929135970771312714e-02
-7.462643086910247803e-03 2.974501810967922211e-02
-7.842108607292175293e-03 2.963278442621231079e-02
-6.429065018892288208e-03 2.903605811297893524e-02
-5.760721862316131592e-03 2.879575267434120178e-02
-4.510760307312011719e-03 2.813147008419036865e-02
-6.666179746389389038e-03 2.898586541414260864e-02
-8.083403110504150391e-03 2.993157505989074707e-02
-8.045397698879241943e-03 2.982119098305702209e-02
-8.547157049179077148e-03 3.000244125723838806e-02
-8.338253945112228394e-03 3.001208975911140442e-02
-8.105099201202392578e-03 2.978202886879444122e-02
-7.949858903884887695e-03 2.980354055762290955e-02
-1.060915738344192505e-02 3.081161528825759888e-02
-9.254027158021926880e-03 3.141500055789947510e-02
-9.196735918521881104e-03 3.027812764048576355e-02
-9.058691561222076416e-03 3.006920404732227325e-02
-1.093291491270065308e-02 3.176492452621459961e-02
1.935295760631561279e-03 2.486670762300491333e-02
-6.541155278682708740e-03 2.892934530973434448e-02
-7.672205567359924316e-03 2.965308725833892822e-02
-6.700098514556884766e-03 2.916793152689933777e-02
-6.838515400886535645e-03 2.907275222241878510e-02
-7.647957652807235718e-03 2.948163263499736786e-02
-8.529257029294967651e-03 2.986302226781845093e-02
-5.583770573139190674e-03 2.858670055866241455e-02
5.533397197723388672e-03 2.326785773038864136e-02
-1.665123924612998962e-02 3.423116356134414673e-02
-8.430965244770050049e-03 2.979204244911670685e-02
-8.196324110031127930e-03 2.969948388636112213e-02
-1.725459098815917969e-02 3.475672751665115356e-02
-9.292956441640853882e-03 3.022971563041210175e-02
-5.675062537193298340e-03 2.846343815326690674e-02
-8.740819990634918213e-03 2.994177490472793579e-02
-7.932681590318679810e-03 2.959620952606201172e-02
-8.043326437473297119e-03 2.961102873086929321e-02
-7.126480340957641602e-03 2.916034124791622162e-02
-8.046887814998626709e-03 2.968236804008483887e-02
-7.981091737747192383e-03 2.969039231538772583e-02
-7.478542625904083252e-03 2.938705869019031525e-02
-7.043175399303436279e-03 2.926012128591537476e-02
-7.324863225221633911e-03 2.947982959449291229e-02
-6.961449980735778809e-03 2.932288497686386108e-02
-7.495827972888946533e-03 2.957568317651748657e-02
-7.913067936897277832e-03 2.969993464648723602e-02
-7.271099835634231567e-03 2.940266951918601990e-02
-6.847843527793884277e-03 2.919220924377441406e-02
-7.108595222234725952e-03 2.932645194232463837e-02
-7.640726864337921143e-03 2.970388717949390411e-02
-6.496973335742950439e-03 2.909826114773750305e-02
-6.821684539318084717e-03 2.934894524514675140e-02
-7.671609520912170410e-03 2.976215258240699768e-02
-7.184170186519622803e-03 2.947467193007469177e-02
-7.473699748516082764e-03 2.965259738266468048e-02
-7.083278149366378784e-03 2.940415218472480774e-02
-7.651701569557189941e-03 2.967434003949165344e-02
-6.306394934654235840e-03 2.909009158611297607e-02
-6.943926215171813965e-03 2.934500388801097870e-02
-7.191516458988189697e-03 2.951789647340774536e-02
-7.313661277294158936e-03 2.960859611630439758e-02
-7.746502757072448730e-03 2.984091266989707947e-02
-6.808489561080932617e-03 2.930475398898124695e-02
-6.525002419948577881e-03 2.914136648178100586e-02
-6.605796515941619873e-03 2.931984886527061462e-02
-5.712293088436126709e-03 2.887003123760223389e-02
-6.139375269412994385e-03 2.898385189473628998e-02
-6.759963929653167725e-03 2.942069433629512787e-02
-6.343439221382141113e-03 2.914812043309211731e-02
-6.437379866838455200e-03 2.919121645390987396e-02
-6.132990121841430664e-03 2.912725135684013367e-02
-4.794910550117492676e-03 2.843920886516571045e-02
-4.741206765174865723e-03 2.851284667849540710e-02
-5.122616887092590332e-03 2.851312048733234406e-02
-5.767174065113067627e-03 2.887710183858871460e-02
-6.751347333192825317e-03 2.940386906266212463e-02
-6.801985204219818115e-03 2.935886755585670471e-02
-8.789941668510437012e-03 3.033562377095222473e-02
-7.772777229547500610e-03 2.967910468578338623e-02
-7.501624524593353271e-03 2.943596057593822479e-02
-5.316019058227539062e-03 2.830671891570091248e-02
-6.439834833145141602e-03 2.879868447780609131e-02
-8.700162172317504883e-03 3.019164502620697021e-02
-8.561633527278900146e-03 3.009431064128875732e-02
-8.709259331226348877e-03 3.019786626100540161e-02
-8.350502699613571167e-03 2.999050915241241455e-02
-8.658938109874725342e-03 3.009438700973987579e-02
-8.318446576595306396e-03 2.997399494051933289e-02
-9.262174367904663086e-03 3.037652745842933655e-02
-9.827025234699249268e-03 3.068955056369304657e-02
-9.050641208887100220e-03 3.043735213577747345e-02
-8.905243128538131714e-03 3.034240752458572388e-02
-9.709987789392471313e-03 3.071477077901363373e-02
-1.006672531366348267e-02 3.088616207242012024e-02
-9.067792445421218872e-03 3.039473481476306915e-02
-8.957810699939727783e-03 3.054876066744327545e-02
-9.224552661180496216e-03 3.046594560146331787e-02
-7.371176034212112427e-03 2.953417599201202393e-02
-1.000932976603507996e-02 3.081996738910675049e-02
-9.397760033607482910e-03 3.047333098948001862e-02
-9.203139692544937134e-03 3.034755401313304901e-02
-8.726604282855987549e-03 3.018546476960182190e-02
-8.269920945167541504e-03 3.003352880477905273e-02
-8.024409413337707520e-03 2.976934611797332764e-02
-7.343865931034088135e-03 2.948850393295288086e-02
-8.976064622402191162e-03 3.021546080708503723e-02
-8.484084159135818481e-03 2.997742965817451477e-02
-7.735680788755416870e-03 2.971312776207923889e-02
-7.486373186111450195e-03 2.939477935433387756e-02
-8.757792413234710693e-03 3.010481968522071838e-02
-8.840367197990417480e-03 3.014622256159782410e-02
-7.295548915863037109e-03 2.947136387228965759e-02
-8.875563740730285645e-03 3.021227195858955383e-02
-8.913747966289520264e-03 3.031121566891670227e-02
-8.364122360944747925e-03 2.999528497457504272e-02
-7.791586220264434814e-03 2.968603558838367462e-02
-8.603349328041076660e-03 2.999354898929595947e-02
-8.884601294994354248e-03 3.004302829504013062e-02
-8.861564099788665771e-03 3.006798028945922852e-02
-7.261428982019424438e-03 2.937897294759750366e-02
-7.265280932188034058e-03 2.935140393674373627e-02
-7.998008280992507935e-03 2.971086278557777405e-02
-7.337979972362518311e-03 2.945338934659957886e-02
-7.434807717800140381e-03 2.953765913844108582e-02
-8.402295410633087158e-03 2.991563081741333008e-02
-8.794832974672317505e-03 3.006753697991371155e-02
-8.398160338401794434e-03 2.993718534708023071e-02
-8.644700050354003906e-03 3.004189953207969666e-02
-9.481191635131835938e-03 3.049489483237266541e-02
-8.755303919315338135e-03 3.004698269069194794e-02
-7.046751677989959717e-03 2.931861020624637604e-02
-7.662340998649597168e-03 2.967146411538124084e-02
-7.928542792797088623e-03 2.974013797938823700e-02
-8.065342903137207031e-03 2.984003350138664246e-02
-8.243694901466369629e-03 2.985198423266410828e-02
-7.358007133007049561e-03 2.940610051155090332e-02
-7.141634821891784668e-03 2.931233495473861694e-02
-7.460128515958786011e-03 2.951699681580066681e-02
-7.230356335639953613e-03 2.939797565340995789e-02
-8.198589086532592773e-03 2.987205982208251953e-02
-8.628301322460174561e-03 3.012735024094581604e-02
-7.238589227199554443e-03 2.944766543805599213e-02
-7.445402443408966064e-03 2.947081439197063446e-02
-7.325030863285064697e-03 2.955481037497520447e-02
-7.861576974391937256e-03 2.973014488816261292e-02
-8.375559002161026001e-03 3.000721335411071777e-02
-9.050898253917694092e-03 3.016289882361888885e-02
-7.781129330396652222e-03 2.959322184324264526e-02
-6.498172879219055176e-03 2.908348292112350464e-02
-6.141826510429382324e-03 2.893689461052417755e-02
-6.799295544624328613e-03 2.927261963486671448e-02
-6.849214434623718262e-03 2.924657240509986877e-02
-6.598789244890213013e-03 2.918462455272674561e-02
-6.206214427947998047e-03 2.904370613396167755e-02
-5.393862724304199219e-03 2.877174131572246552e-02
-5.566209554672241211e-03 2.874783053994178772e-02
-3.678083419799804688e-03 2.791507542133331299e-02
-5.018599331378936768e-03 2.831222862005233765e-02
-3.923133015632629395e-03 2.791427448391914368e-02
-4.414685070514678955e-03 2.813505381345748901e-02
-4.627279937267303467e-03 2.839796990156173706e-02
-6.306797266006469727e-03 2.921264804899692535e-02
-6.221525371074676514e-03 2.910048514604568481e-02
-7.291860878467559814e-03 2.960807643830776215e-02
-6.130352616310119629e-03 2.941827476024627686e-02
-6.290197372436523438e-03 2.926058322191238403e-02
-6.768189370632171631e-03 2.951796725392341614e-02
-4.466302692890167236e-03 2.825235575437545776e-02
-6.602346897125244141e-03 2.912976033985614777e-02
-5.926191806793212891e-03 2.881403267383575439e-02
-7.986761629581451416e-03 2.974027395248413086e-02
-7.673501968383789062e-03 2.965392917394638062e-02
-7.663786411285400391e-03 2.964124828577041626e-02
-7.921986281871795654e-03 2.977691590785980225e-02
-8.261837065219879150e-03 2.991535514593124390e-02
-8.679725229740142822e-03 3.010438196361064911e-02
-8.337683975696563721e-03 2.995960786938667297e-02
-7.954530417919158936e-03 2.981630712747573853e-02
-8.628219366073608398e-03 3.010893985629081726e-02
-8.401650935411453247e-03 3.004391118884086609e-02
-7.966518402099609375e-03 2.983535081148147583e-02
-8.534215390682220459e-03 3.011833131313323975e-02
-8.008535951375961304e-03 2.986288443207740784e-02
-7.983639836311340332e-03 2.988548204302787781e-02
-7.472872734069824219e-03 2.966022118926048279e-02
-7.497847080230712891e-03 2.969680726528167725e-02
-6.935015320777893066e-03 2.945124916732311249e-02
-6.819903850555419922e-03 2.936539426445960999e-02
-7.027283310890197754e-03 2.954161167144775391e-02
-7.157135754823684692e-03 2.964348159730434418e-02
-7.165413349866867065e-03 2.956848964095115662e-02
-6.653256714344024658e-03 2.934065833687782288e-02
-6.202869117259979248e-03 2.904508262872695923e-02
-7.171750068664550781e-03 2.954710274934768677e-02
-6.689317524433135986e-03 2.929262816905975342e-02
-5.622722208499908447e-03 2.879611402750015259e-02
-6.702773272991180420e-03 2.923096902668476105e-02
-6.745837628841400146e-03 2.932560257613658905e-02
-6.684124469757080078e-03 2.932190150022506714e-02
-5.270719528198242188e-03 2.868601307272911072e-02
-6.802037358283996582e-03 2.946090325713157654e-02
-6.742469966411590576e-03 2.920114248991012573e-02
-8.236490190029144287e-03 2.990268915891647339e-02
-8.371457457542419434e-03 3.001104667782783508e-02
-8.932236582040786743e-03 3.006967902183532715e-02
-9.485438466072082520e-03 3.043336421251296997e-02
-7.816106081008911133e-03 2.953431382775306702e-02
-6.373256444931030273e-03 2.896868064999580383e-02
-4.832044243812561035e-03 2.826962992548942566e-02
-6.434418261051177979e-03 2.902660518884658813e-02
-6.378948688507080078e-03 2.901423722505569458e-02
-6.258733570575714111e-03 2.893959730863571167e-02
-6.759688258171081543e-03 2.924241870641708374e-02
-7.078632712364196777e-03 2.934610843658447266e-02
-7.109217345714569092e-03 2.946413867175579071e-02
-8.907090872526168823e-03 3.023331426084041595e-02
-7.321525365114212036e-03 2.952563017606735229e-02
-1.081750541925430298e-02 3.098751045763492584e-02
-1.104302704334259033e-02 3.147636353969573975e-02
-8.159838616847991943e-03 2.985528856515884399e-02
-1.198485493659973145e-02 3.149171918630599976e-02
-1.176959276199340820e-02 3.175180777907371521e-02
-4.832476377487182617e-03 2.800360880792140961e-02
-5.492702126502990723e-03 2.853514254093170166e-02
-1.050154119729995728e-02 3.097026422619819641e-02
-9.483065456151962280e-03 3.056779503822326660e-02
-9.774610400199890137e-03 3.068095445632934570e-02
-1.021659746766090393e-02 3.097631782293319702e-02
-1.039431989192962646e-02 3.103287145495414734e-02
-9.071726351976394653e-03 3.028485551476478577e-02
-5.996301770210266113e-03 2.898992225527763367e-02
-1.596618443727493286e-02 3.328107297420501709e-02
-1.327035576105117798e-02 3.210621327161788940e-02
-1.285657286643981934e-02 3.219014406204223633e-02
1.003535091876983643e-02 2.149251848459243774e-02
-1.281489431858062744e-02 3.213385492563247681e-02
-1.089162006974220276e-02 3.131529316306114197e-02
-1.027535647153854370e-02 3.091425448656082153e-02
-1.097967475652694702e-02 3.136664628982543945e-02
-1.128435134887695312e-02 3.154156357049942017e-02
-1.130518689751625061e-02 3.146941214799880981e-02
-1.087371632456779480e-02 3.126295283436775208e-02
-1.067532971501350403e-02 3.111249953508377075e-02
-1.093501970171928406e-02 3.118319809436798096e-02
-1.033494621515274048e-02 3.090056031942367554e-02
-1.028862223029136658e-02 3.088721446692943573e-02
-1.070670038461685181e-02 3.110715001821517944e-02
-1.043543964624404907e-02 3.101830556988716125e-02
-1.058536767959594727e-02 3.109773807227611542e-02
-1.077926531434059143e-02 3.113827109336853027e-02
-1.108811050653457642e-02 3.129079937934875488e-02
-1.058333367109298706e-02 3.090616688132286072e-02
-1.093553751707077026e-02 3.111556172370910645e-02
-1.070932298898696899e-02 3.106277063488960266e-02
-1.057765632867813110e-02 3.092857077717781067e-02
-1.171731203794479370e-02 3.143818676471710205e-02
-1.055886596441268921e-02 3.095959499478340149e-02
-1.065158098936080933e-02 3.094908967614173889e-02
-9.383268654346466064e-03 3.035330399870872498e-02
-1.030831784009933472e-02 3.078452497720718384e-02
-1.031051576137542725e-02 3.084208443760871887e-02
-1.021770387887954712e-02 3.079038858413696289e-02
-1.021596044301986694e-02 3.077822923660278320e-02
-1.010832190513610840e-02 3.072257712483406067e-02
-1.063532382249832153e-02 3.105921112000942230e-02
-1.109620183706283569e-02 3.125524893403053284e-02
-1.103492826223373413e-02 3.123341128230094910e-02
-1.126898080110549927e-02 3.135284408926963806e-02
-1.139589026570320129e-02 3.138700872659683228e-02
-1.045269519090652466e-02 3.093209117650985718e-02
-1.058110594749450684e-02 3.101141750812530518e-02
-9.957604110240936279e-03 3.068680502474308014e-02
-9.805500507354736328e-03 3.062016889452934265e-02
-9.043339639902114868e-03 3.034120611846446991e-02
-8.984889835119247437e-03 3.031228110194206238e-02
-9.467273950576782227e-03 3.051789104938507080e-02
-9.350061416625976562e-03 3.042847290635108948e-02
-9.229037910699844360e-03 3.041274100542068481e-02
-9.529080241918563843e-03 3.058778494596481323e-02
-8.346550166606903076e-03 3.006259724497795105e-02
-9.050928056240081787e-03 3.045077621936798096e-02
-9.592406451702117920e-03 3.069402091205120087e-02
-8.976876735687255859e-03 3.042419254779815674e-02
-8.629899471998214722e-03 3.028279170393943787e-02
-8.505020290613174438e-03 3.023600578308105469e-02
-8.081894367933273315e-03 3.004348278045654297e-02
-8.219823241233825684e-03 3.003459051251411438e-02
-7.134266197681427002e-03 2.946768328547477722e-02
-7.145538926124572754e-03 2.945622615516185760e-02
-7.442519068717956543e-03 2.956221252679824829e-02
-9.194612503051757812e-03 3.039149194955825806e-02
-8.771177381277084351e-03 3.022253885865211487e-02
-9.053718298673629761e-03 3.034919872879981995e-02
-8.409254252910614014e-03 3.005169704556465149e-02
-7.334589958190917969e-03 2.963956072926521301e-02
-7.465381175279617310e-03 2.969761379063129425e-02
-8.136324584484100342e-03 3.002196177840232849e-02
-7.501631975173950195e-03 2.966563031077384949e-02
-8.938342332839965820e-03 3.039411827921867371e-02
-8.374698460102081299e-03 3.017268329858779907e-02
-7.295161485671997070e-03 2.965470775961875916e-02
-7.680550217628479004e-03 2.992685884237289429e-02
-8.900132030248641968e-03 3.053405135869979858e-02
-7.874485105276107788e-03 2.993597090244293213e-02
-8.533727377653121948e-03 3.006239980459213257e-02
-9.234294295310974121e-03 3.045726567506790161e-02
-1.074009388685226440e-02 3.099172189831733704e-02
-1.550560072064399719e-02 3.321234509348869324e-02
-1.090857386589050293e-02 3.106497600674629211e-02
-1.143614947795867920e-02 3.121083416044712067e-02
-1.815385371446609497e-02 3.498201444745063782e-02
5.733922123908996582e-03 2.319597452878952026e-02
-6.611261516809463501e-03 2.926250919699668884e-02
-9.178869426250457764e-03 3.034848533570766449e-02
-9.199969470500946045e-03 3.026866167783737183e-02
-8.184805512428283691e-03 2.974174544215202332e-02
-7.423043251037597656e-03 2.948581427335739136e-02
-8.231516927480697632e-03 2.981442585587501526e-02
-6.536286324262619019e-03 2.918365597724914551e-02
4.216924309730529785e-03 2.443915978074073792e-02
-1.569404453039169312e-02 3.403825312852859497e-02
-1.034899801015853882e-02 3.058995679020881653e-02
-1.055530458688735962e-02 3.092454187572002411e-02
-1.861677318811416626e-02 3.525620698928833008e-02
-1.032655686140060425e-02 3.068591281771659851e-02
-7.995206862688064575e-03 2.961358055472373962e-02
-1.079275831580162048e-02 3.087996318936347961e-02
-1.062094420194625854e-02 3.094355762004852295e-02
-1.065387576818466187e-02 3.086983785033226013e-02
-1.036939024925231934e-02 3.073285706341266632e-02
-1.082081347703933716e-02 3.091529756784439087e-02
-9.270623326301574707e-03 3.022456727921962738e-02
-9.069144725799560547e-03 3.023634850978851318e-02
-8.270435035228729248e-03 2.977064996957778931e-02
-8.580654859542846680e-03 2.992291375994682312e-02
-1.003101840615272522e-02 3.083425387740135193e-02
-9.390138089656829834e-03 3.057189099490642548e-02
-8.332818746566772461e-03 2.994257584214210510e-02
-6.120815873146057129e-03 2.906635776162147522e-02
-3.734268248081207275e-03 2.756857872009277344e-02
-1.059710979461669922e-03 2.628780528903007507e-02
2.331271767616271973e-03 2.502897381782531738e-02
3.747895359992980957e-03 2.432090789079666138e-02
4.048489034175872803e-03 2.393992617726325989e-02
-4.621222615242004395e-04 2.602348476648330688e-02
2.018392086029052734e-03 2.483175694942474365e-02
-1.237995922565460205e-03 2.648517861962318420e-02
-3.200098872184753418e-04 2.584439888596534729e-02
-5.174815654754638672e-03 2.812436968088150024e-02
-7.372424006462097168e-03 2.931211888790130615e-02
-7.906399667263031006e-03 2.948613278567790985e-02
-7.669053971767425537e-03 2.944427728652954102e-02
-8.216198533773422241e-03 2.961043640971183777e-02
-8.140467107295989990e-03 2.957548946142196655e-02
-9.022645652294158936e-03 2.993319928646087646e-02
-1.091828942298889160e-02 3.078407607972621918e-02
-9.766973555088043213e-03 3.022854030132293701e-02
-1.035001501441001892e-02 3.049404919147491455e-02
-1.021216437220573425e-02 3.038691729307174683e-02
-9.496558457612991333e-03 3.011272847652435303e-02
-8.288357406854629517e-03 2.966389246284961700e-02
-8.336372673511505127e-03 2.971462160348892212e-02
-9.793605655431747437e-03 3.039231896400451660e-02
-9.763732552528381348e-03 3.039065003395080566e-02
-1.039340347051620483e-02 3.081033751368522644e-02
-9.085394442081451416e-03 3.024468198418617249e-02
-9.153213351964950562e-03 3.024850785732269287e-02
-9.949542582035064697e-03 3.064161166548728943e-02
-1.051640883088111877e-02 3.090023808181285858e-02
-9.582810103893280029e-03 3.064687550067901611e-02
-8.737925440073013306e-03 3.039904683828353882e-02
-9.080268442630767822e-03 3.029587864875793457e-02
-5.476050078868865967e-03 2.872614562511444092e-02
-7.982812821865081787e-03 2.955345064401626587e-02
-9.991150349378585815e-03 3.071390278637409210e-02
-9.451385587453842163e-03 3.039330244064331055e-02
-9.819332510232925415e-03 3.062138892710208893e-02
-9.528268128633499146e-03 3.053346648812294006e-02
-8.822970092296600342e-03 3.023673966526985168e-02
-8.963469415903091431e-03 3.028876706957817078e-02
-9.025517851114273071e-03 3.032119572162628174e-02
-9.346351027488708496e-03 3.046248853206634521e-02
-9.306907653808593750e-03 3.040274791419506073e-02
-8.856065571308135986e-03 3.013371676206588745e-02
-9.052053093910217285e-03 3.018537163734436035e-02
-9.317133575677871704e-03 3.031710907816886902e-02
-9.125318378210067749e-03 3.022595308721065521e-02
-9.406872093677520752e-03 3.034434095025062561e-02
-9.792368859052658081e-03 3.054117038846015930e-02
-9.275466203689575195e-03 3.029463812708854675e-02
-8.814580738544464111e-03 2.998673915863037109e-02
-8.968014270067214966e-03 3.014568611979484558e-02
-8.727982640266418457e-03 2.998202666640281677e-02
-7.882256060838699341e-03 2.967678569257259369e-02
-9.445190429687500000e-03 3.043166175484657288e-02
-9.947732090950012207e-03 3.054164536297321320e-02
-7.722884416580200195e-03 2.952552773058414459e-02
-1.074285060167312622e-02 3.077664226293563843e-02
-9.997263550758361816e-03 3.107928857207298279e-02
-6.934367120265960693e-03 2.917325869202613831e-02
-1.041319966316223145e-02 3.068717941641807556e-02
-1.174890622496604919e-02 3.194525465369224548e-02
-3.537937998771667480e-03 2.733526378870010376e-02
-5.689740180969238281e-03 2.866743505001068115e-02
-9.379431605339050293e-03 3.055199608206748962e-02
-8.673407137393951416e-03 3.009767271578311920e-02
-9.216826409101486206e-03 3.033010661602020264e-02
-8.164126425981521606e-03 3.010098636150360107e-02
-9.099222719669342041e-03 3.050882369279861450e-02
-8.431110531091690063e-03 2.979344688355922699e-02
-3.972090780735015869e-03 2.821771055459976196e-02
-1.461160182952880859e-02 3.253386914730072021e-02
-1.109295338392257690e-02 3.099689632654190063e-02
-1.202769577503204346e-02 3.155547380447387695e-02
1.229203492403030396e-02 2.014278247952461243e-02
-9.551107883453369141e-03 3.038000874221324921e-02
-8.615516126155853271e-03 2.993508428335189819e-02
-9.638469666242599487e-03 3.041115030646324158e-02
-9.262360632419586182e-03 3.040381520986557007e-02
-9.854435920715332031e-03 3.066489472985267639e-02
-1.020958274602890015e-02 3.082977980375289917e-02
-9.775780141353607178e-03 3.062777221202850342e-02
-9.736731648445129395e-03 3.055341914296150208e-02
-9.411562234163284302e-03 3.039257787168025970e-02
-9.446248412132263184e-03 3.039307892322540283e-02
-9.677149355411529541e-03 3.047680109739303589e-02
-9.654089808464050293e-03 3.048131987452507019e-02
-1.010726764798164368e-02 3.066330589354038239e-02
-1.020877063274383545e-02 3.075056895613670349e-02
-1.003458350896835327e-02 3.062566369771957397e-02
-9.813301265239715576e-03 3.050901181995868683e-02
-1.061595231294631958e-02 3.085996210575103760e-02
-1.023486256599426270e-02 3.071552515029907227e-02
-1.026718690991401672e-02 3.072555735707283020e-02
-9.995996952056884766e-03 3.060996904969215393e-02
-1.013229042291641235e-02 3.064676374197006226e-02
-1.001970842480659485e-02 3.065520152449607849e-02
-1.062985509634017944e-02 3.089063987135887146e-02
-1.073789969086647034e-02 3.099210560321807861e-02
-1.067163050174713135e-02 3.078736923635005951e-02
-1.048836857080459595e-02 3.073807246983051300e-02
-1.065199077129364014e-02 3.083927184343338013e-02
-1.118391007184982300e-02 3.103588148951530457e-02
-1.006285473704338074e-02 3.058608621358871460e-02
-1.017822325229644775e-02 3.059720247983932495e-02
-9.245410561561584473e-03 3.020433336496353149e-02
-1.076674088835716248e-02 3.086019866168498993e-02
-1.069308072328567505e-02 3.073879703879356384e-02
-9.889215230941772461e-03 3.038252703845500946e-02
-1.036451011896133423e-02 3.064503520727157593e-02
-9.535852819681167603e-03 3.028383851051330566e-02
-9.221542626619338989e-03 3.024364635348320007e-02
-8.933991193771362305e-03 3.033958747982978821e-02
-8.560962975025177002e-03 3.021147102117538452e-02
-8.075892925262451172e-03 3.008548542857170105e-02
-8.673809468746185303e-03 3.034794330596923828e-02
-8.188638836145401001e-03 3.017498925328254700e-02
-6.639380007982254028e-03 2.967187017202377319e-02
-5.508154630661010742e-03 2.907406724989414215e-02
-5.522191524505615234e-03 2.908543869853019714e-02
-5.919791758060455322e-03 2.921576052904129028e-02
-7.273118942975997925e-03 2.972257509827613831e-02
-8.021391928195953369e-03 2.998461574316024780e-02
-9.997468441724777222e-03 3.082032129168510437e-02
-8.958987891674041748e-03 3.038734570145606995e-02
-1.018292084336280823e-02 3.106878511607646942e-02
-1.013414561748504639e-02 3.098375163972377777e-02
-8.774504065513610840e-03 3.042686358094215393e-02
-8.123923093080520630e-03 3.011157177388668060e-02
-8.361786603927612305e-03 3.027292713522911072e-02
-8.545961230993270874e-03 3.017811290919780731e-02
-6.525009870529174805e-03 2.923122048377990723e-02
-1.010767370462417603e-02 3.079007938504219055e-02
-1.218395680189132690e-02 3.203663975000381470e-02
-5.298301577568054199e-03 2.858525887131690979e-02
-1.261921599507331848e-02 3.163687884807586670e-02
-1.329910010099411011e-02 3.258283436298370361e-02
-6.028160452842712402e-03 2.854811772704124451e-02
-7.028140127658843994e-03 2.919799834489822388e-02
-1.173045486211776733e-02 3.148173913359642029e-02
-1.150388270616531372e-02 3.136048838496208191e-02
-1.096037775278091431e-02 3.117984160780906677e-02
-1.086099445819854736e-02 3.106976486742496490e-02
-1.002375036478042603e-02 3.068172931671142578e-02
-8.518688380718231201e-03 2.994027733802795410e-02
-2.920284867286682129e-03 2.721510082483291626e-02
-1.866427063941955566e-02 3.479503095149993896e-02
-1.179689168930053711e-02 3.126226365566253662e-02
-1.167846098542213440e-02 3.131883591413497925e-02
1.725919544696807861e-03 2.519087493419647217e-02
-1.173066720366477966e-02 3.146309778094291687e-02
-9.530745446681976318e-03 3.038998693227767944e-02
-1.182896643877029419e-02 3.155966848134994507e-02
-1.131089776754379272e-02 3.140844404697418213e-02
-1.165817677974700928e-02 3.153832629323005676e-02
-1.074298098683357239e-02 3.119808062911033630e-02
-9.825430810451507568e-03 3.060670569539070129e-02
-9.950712323188781738e-03 3.054890036582946777e-02
-1.099294424057006836e-02 3.123177587985992432e-02
-1.264055073261260986e-02 3.203475847840309143e-02
-1.244087517261505127e-02 3.181810304522514343e-02
-1.254360005259513855e-02 3.178526088595390320e-02
-1.262909173965454102e-02 3.185737133026123047e-02
-1.184090971946716309e-02 3.143526986241340637e-02
-1.308163627982139587e-02 3.211895003914833069e-02
-1.324392110109329224e-02 3.209507837891578674e-02
-1.131562888622283936e-02 3.120196796953678131e-02
-1.113749668002128601e-02 3.113243728876113892e-02
-1.282848417758941650e-02 3.205317258834838867e-02
-1.247530430555343628e-02 3.190691769123077393e-02
-1.068267598748207092e-02 3.110044822096824646e-02
-1.124827191233634949e-02 3.133265674114227295e-02
-1.201844215393066406e-02 3.168542683124542236e-02
-1.210016757249832153e-02 3.180129081010818481e-02
-1.277966797351837158e-02 3.217880800366401672e-02
-1.333983242511749268e-02 3.243140131235122681e-02
-1.425544172525405884e-02 3.265039250254631042e-02
-1.478748768568038940e-02 3.285444527864456177e-02
-1.473477482795715332e-02 3.282476961612701416e-02
-1.531321555376052856e-02 3.319080173969268799e-02
-1.451447606086730957e-02 3.284645080566406250e-02
-1.384355872869491577e-02 3.255765512585639954e-02
-1.454514637589454651e-02 3.270562738180160522e-02
-1.583372429013252258e-02 3.332147747278213501e-02
-1.521944999694824219e-02 3.319559246301651001e-02
-1.562949270009994507e-02 3.328752890229225159e-02
-1.563791930675506592e-02 3.348024934530258179e-02
-1.555126532912254333e-02 3.334493935108184814e-02
-1.489932090044021606e-02 3.315757960081100464e-02
-1.584690809249877930e-02 3.356217592954635620e-02
-1.458655297756195068e-02 3.290833905339241028e-02
-1.529490947723388672e-02 3.321998566389083862e-02
-1.557534933090209961e-02 3.333174809813499451e-02
-1.491066813468933105e-02 3.290599584579467773e-02
-1.487543433904647827e-02 3.287018463015556335e-02
-1.496335119009017944e-02 3.293268755078315735e-02
-1.481039449572563171e-02 3.296146914362907410e-02
-1.531164348125457764e-02 3.316385298967361450e-02
-1.674588769674301147e-02 3.386592492461204529e-02
-1.620790362358093262e-02 3.359567373991012573e-02
-1.523593068122863770e-02 3.328569978475570679e-02
-1.642902940511703491e-02 3.368644416332244873e-02
-1.593526452779769897e-02 3.345648944377899170e-02
-1.455385237932205200e-02 3.286570683121681213e-02
-1.531335711479187012e-02 3.320797905325889587e-02
-1.516211777925491333e-02 3.315117955207824707e-02
-1.457392424345016479e-02 3.285555541515350342e-02
-1.459515094757080078e-02 3.283858671784400940e-02
-1.366534084081649780e-02 3.231329470872879028e-02
-1.333671063184738159e-02 3.227192908525466919e-02
-1.324373483657836914e-02 3.226519376039505005e-02
-1.242960616946220398e-02 3.199727088212966919e-02
-1.306965947151184082e-02 3.223172947764396667e-02
-1.235166937112808228e-02 3.183255344629287720e-02
-1.332971453666687012e-02 3.219519183039665222e-02
-1.272733137011528015e-02 3.191427886486053467e-02
-1.202061027288436890e-02 3.186009079217910767e-02
-1.243902742862701416e-02 3.206120803952217102e-02
-1.329908147454261780e-02 3.239212930202484131e-02
-1.548340916633605957e-02 3.345129266381263733e-02
-1.439948379993438721e-02 3.280932456254959106e-02
-1.353780925273895264e-02 3.219616040587425232e-02
-1.348897814750671387e-02 3.218856081366539001e-02
-1.402556896209716797e-02 3.236730396747589111e-02
-1.941440999507904053e-02 3.507487848401069641e-02
-1.494935154914855957e-02 3.266212716698646545e-02
-1.432978361845016479e-02 3.244021162390708923e-02
-2.406971901655197144e-02 3.729460015892982483e-02
1.351125538349151611e-03 2.489455789327621460e-02
-1.167819648981094360e-02 3.144377470016479492e-02
-1.437704265117645264e-02 3.243691101670265198e-02
-1.423830538988113403e-02 3.242479264736175537e-02
-1.303104311227798462e-02 3.179315105080604553e-02
-1.353139430284500122e-02 3.220557048916816711e-02
-1.628326252102851868e-02 3.357405960559844971e-02
-1.304896548390388489e-02 3.218674659729003906e-02
-2.441763877868652344e-03 2.649656683206558228e-02
-1.581909507513046265e-02 3.419680893421173096e-02
-1.553441584110260010e-02 3.311777859926223755e-02
-1.620436832308769226e-02 3.351385518908500671e-02
-2.024519443511962891e-02 3.637567907571792603e-02
-1.737615093588829041e-02 3.389270976185798645e-02
-1.460969820618629456e-02 3.283268958330154419e-02
-1.627374812960624695e-02 3.365693241357803345e-02
-1.483384519815444946e-02 3.312498331069946289e-02
-1.391474902629852295e-02 3.271447867155075073e-02
-1.238510757684707642e-02 3.217308595776557922e-02
-1.323560625314712524e-02 3.260776400566101074e-02
-1.373335346579551697e-02 3.300423920154571533e-02
-1.360900700092315674e-02 3.266629949212074280e-02
-1.476516947150230408e-02 3.313073888421058655e-02
-1.534140855073928833e-02 3.337788581848144531e-02
-1.553917676210403442e-02 3.337862342596054077e-02
-1.459648832678794861e-02 3.306641429662704468e-02
-1.422957703471183777e-02 3.294536471366882324e-02
-1.454867422580718994e-02 3.300984948873519897e-02
-1.292222738265991211e-02 3.238652646541595459e-02
-1.233502477407455444e-02 3.225250542163848877e-02
-1.416356116533279419e-02 3.299859166145324707e-02
-1.619368046522140503e-02 3.389920666813850403e-02
-1.323086023330688477e-02 3.233746811747550964e-02
-1.399487257003784180e-02 3.260962292551994324e-02
-1.431366801261901855e-02 3.290215879678726196e-02
-1.443899422883987427e-02 3.295903652906417847e-02
-1.484696567058563232e-02 3.319179639220237732e-02
-1.444466412067413330e-02 3.289858996868133545e-02
-1.526402682065963745e-02 3.328248485922813416e-02
-1.272896677255630493e-02 3.216062486171722412e-02
-1.262947171926498413e-02 3.223942592740058899e-02
-1.250995695590972900e-02 3.213089704513549805e-02
-1.280029118061065674e-02 3.238812834024429321e-02
-1.364415884017944336e-02 3.267703205347061157e-02
-1.218089833855628967e-02 3.201072290539741516e-02
-9.310930967330932617e-03 3.067857399582862854e-02
-1.006013154983520508e-02 3.094284422695636749e-02
-9.229220449924468994e-03 3.047826327383518219e-02
-5.406901240348815918e-03 2.868227660655975342e-02
-7.263161242008209229e-03 2.920642122626304626e-02
-7.842365652322769165e-03 2.943799830973148346e-02
-4.790164530277252197e-03 2.828651666641235352e-02
-1.257091760635375977e-03 2.638303488492965698e-02
-4.102624952793121338e-03 2.759276144206523895e-02
-4.620827734470367432e-03 2.817191556096076965e-02
-5.930997431278228760e-03 2.865274995565414429e-02
-5.469240248203277588e-03 2.844008430838584900e-02
-7.116168737411499023e-03 2.910317480564117432e-02
-8.294399827718734741e-03 2.978309988975524902e-02
-1.239441335201263428e-02 3.178083896636962891e-02
-1.390909403562545776e-02 3.278764337301254272e-02
-1.417984440922737122e-02 3.297994658350944519e-02
-1.286629214882850647e-02 3.248017653822898865e-02
-1.271753758192062378e-02 3.227755054831504822e-02
-1.204134523868560791e-02 3.198810666799545288e-02
-1.395936310291290283e-02 3.294180706143379211e-02
-1.660486310720443726e-02 3.401847183704376221e-02
-1.573358476161956787e-02 3.360933437943458557e-02
-1.354674994945526123e-02 3.245173394680023193e-02
-1.601320877671241760e-02 3.359162062406539917e-02
-1.515581831336021423e-02 3.322420641779899597e-02
-1.375488936901092529e-02 3.253146260976791382e-02
-1.459357142448425293e-02 3.295259922742843628e-02
-1.353653147816658020e-02 3.281306475400924683e-02
-1.276504993438720703e-02 3.222766891121864319e-02
-1.385483890771865845e-02 3.296795487403869629e-02
-1.288934051990509033e-02 3.262154385447502136e-02
-1.073513925075531006e-02 3.155675157904624939e-02
-1.361002773046493530e-02 3.262070566415786743e-02
-1.252428442239761353e-02 3.259788081049919128e-02
-9.130463004112243652e-03 3.084100037813186646e-02
-1.031181961297988892e-02 3.134577721357345581e-02
-9.323656558990478516e-03 3.079060092568397522e-02
-1.216556504368782043e-02 3.230680525302886963e-02
-1.072732359170913696e-02 3.139538690447807312e-02
-1.189792528748512268e-02 3.175105899572372437e-02
-1.075584441423416138e-02 3.118535690009593964e-02
-1.118242368102073669e-02 3.143272548913955688e-02
-1.562868803739547729e-02 3.376404196023941040e-02
-1.175205409526824951e-02 3.172137960791587830e-02
-1.127979159355163574e-02 3.154639154672622681e-02
-2.157787606120109558e-02 3.660874813795089722e-02
1.600280404090881348e-03 2.527457475662231445e-02
-9.137924760580062866e-03 3.063888102769851685e-02
-9.886488318443298340e-03 3.081338666379451752e-02
-9.873695671558380127e-03 3.088548965752124786e-02
-1.035970821976661682e-02 3.103049844503402710e-02
-1.007607206702232361e-02 3.091486170887947083e-02
-1.141207665205001831e-02 3.148154169321060181e-02
-1.036801189184188843e-02 3.088504821062088013e-02
4.253521561622619629e-03 2.411227300763130188e-02
-1.494311541318893433e-02 3.397002816200256348e-02
-1.260029524564743042e-02 3.190309926867485046e-02
-1.195219159126281738e-02 3.182667493820190430e-02
-1.695375144481658936e-02 3.496258705854415894e-02
-1.248398423194885254e-02 3.190064430236816406e-02
-1.021318137645721436e-02 3.090386092662811279e-02
-1.160483434796333313e-02 3.157977387309074402e-02
-1.136534661054611206e-02 3.151198476552963257e-02
-1.058265566825866699e-02 3.121786564588546753e-02
-1.103068515658378601e-02 3.144645690917968750e-02
-1.137110590934753418e-02 3.163628280162811279e-02
-1.096302270889282227e-02 3.142450004816055298e-02
-1.108963787555694580e-02 3.143274039030075073e-02
-1.139254122972488403e-02 3.155950084328651428e-02
-1.156624406576156616e-02 3.164348006248474121e-02
-1.196367666125297546e-02 3.191147744655609131e-02
-1.260517537593841553e-02 3.217406570911407471e-02
-1.248044893145561218e-02 3.217900916934013367e-02
-1.164592057466506958e-02 3.177786618471145630e-02
-1.123815029859542847e-02 3.170509263873100281e-02
-1.247870922088623047e-02 3.239464387297630310e-02
-1.127456128597259521e-02 3.186617046594619751e-02
-1.180654764175415039e-02 3.205760568380355835e-02
-1.294664293527603149e-02 3.253530338406562805e-02
-1.384261995553970337e-02 3.290254622697830200e-02
-1.248422265052795410e-02 3.222007304430007935e-02
-1.183643192052841187e-02 3.187761083245277405e-02
-1.260022819042205811e-02 3.215792030096054077e-02
-1.224739849567413330e-02 3.202215582132339478e-02
-1.362698897719383240e-02 3.264122456312179565e-02
-1.234788820147514343e-02 3.218958154320716858e-02
-1.169987767934799194e-02 3.181070834398269653e-02
-1.366797089576721191e-02 3.279637545347213745e-02
-1.286169886589050293e-02 3.227280080318450928e-02
-1.192987710237503052e-02 3.177751600742340088e-02
-1.246263831853866577e-02 3.209160268306732178e-02
-1.217618957161903381e-02 3.209312260150909424e-02
-1.073998212814331055e-02 3.155482932925224304e-02
-9.689375758171081543e-03 3.114683553576469421e-02
-8.496508002281188965e-03 3.048878908157348633e-02
-9.565595537424087524e-03 3.088847547769546509e-02
-1.140218228101730347e-02 3.167965635657310486e-02
-1.013868302106857300e-02 3.119794651865959167e-02
-1.112884283065795898e-02 3.150078281760215759e-02
-9.795013815164566040e-03 3.093540295958518982e-02
-9.843707084655761719e-03 3.091925382614135742e-02
-1.097827404737472534e-02 3.127266094088554382e-02
-1.133067905902862549e-02 3.136713430285453796e-02
-1.101651787757873535e-02 3.120115026831626892e-02
-1.093925535678863525e-02 3.116765245795249939e-02
-1.073069870471954346e-02 3.103275224566459656e-02
-1.042790710926055908e-02 3.093472123146057129e-02
-1.142415031790733337e-02 3.148557245731353760e-02
-1.226851344108581543e-02 3.199395164847373962e-02
-1.147221401333808899e-02 3.160332515835762024e-02
-1.136866956949234009e-02 3.154365345835685730e-02
-1.065407693386077881e-02 3.125688806176185608e-02
-1.148615777492523193e-02 3.181929886341094971e-02
-1.199304312467575073e-02 3.190287947654724121e-02
-1.219264417886734009e-02 3.207634761929512024e-02
-1.147039234638214111e-02 3.172920271754264832e-02
-1.227107271552085876e-02 3.207399696111679077e-02
-1.140023767948150635e-02 3.179681301116943359e-02
-1.128467917442321777e-02 3.177092224359512329e-02
-1.175324618816375732e-02 3.192475810647010803e-02
-1.281825453042984009e-02 3.241209685802459717e-02
-1.251305639743804932e-02 3.217969834804534912e-02
-1.265813410282135010e-02 3.228433057665824890e-02
-1.110869646072387695e-02 3.152387589216232300e-02
-1.040291786193847656e-02 3.142340481281280518e-02
-9.718470275402069092e-03 3.085800632834434509e-02
-8.821368217468261719e-03 3.047319501638412476e-02
-1.367145031690597534e-02 3.248013183474540710e-02
-1.282413303852081299e-02 3.314354270696640015e-02
-1.212662458419799805e-02 3.189640492200851440e-02
-1.051539555191993713e-02 3.097032010555267334e-02
-1.218175515532493591e-02 3.237308561801910400e-02
3.420144319534301758e-03 2.410076558589935303e-02
-6.864167749881744385e-03 2.929158881306648254e-02
-1.023543626070022583e-02 3.104167804121971130e-02
-9.002879261970520020e-03 3.046498075127601624e-02
-6.960242986679077148e-03 2.955092862248420715e-02
-7.317103445529937744e-03 2.957046404480934143e-02
-9.687211364507675171e-03 3.051825985312461853e-02
-9.464845061302185059e-03 3.069773316383361816e-02
-1.073807477951049805e-03 2.617719396948814392e-02
-2.166489511728286743e-02 3.652855753898620605e-02
-9.648654609918594360e-03 3.059367276728153229e-02
-9.853340685367584229e-03 3.103599324822425842e-02
-1.135995984077453613e-02 3.166048973798751831e-02
-1.030077785253524780e-02 3.107608482241630554e-02
-7.716931402683258057e-03 2.988317608833312988e-02
-1.032973453402519226e-02 3.104882687330245972e-02
-1.114617288112640381e-02 3.161620348691940308e-02
-1.160152256488800049e-02 3.178969025611877441e-02
-1.255563646554946899e-02 3.218102827668190002e-02
-1.236450672149658203e-02 3.205572441220283508e-02
-1.232594251632690430e-02 3.217837214469909668e-02
-1.216299459338188171e-02 3.208567202091217041e-02
-1.302709057927131653e-02 3.246350213885307312e-02
-1.417880877852439880e-02 3.309144452214241028e-02
-1.383460313081741333e-02 3.289992734789848328e-02
-1.350821554660797119e-02 3.281351923942565918e-02
-1.303797960281372070e-02 3.272704407572746277e-02
-1.348921656608581543e-02 3.302517905831336975e-02
-1.283293217420578003e-02 3.259903937578201294e-02
-1.267001405358314514e-02 3.262021392583847046e-02
-1.329919695854187012e-02 3.266713023185729980e-02
-1.234763115644454956e-02 3.227847814559936523e-02
-6.119646131992340088e-03 2.912107110023498535e-02
-1.449294388294219971e-03 2.686753123998641968e-02
2.893730998039245605e-04 2.623480558395385742e-02
-2.463012933731079102e-04 2.643402293324470520e-02
-1.611337065696716309e-04 2.647868543863296509e-02
1.613050699234008789e-03 2.551520988345146179e-02
1.878783106803894043e-03 2.558992058038711548e-02
-1.409456133842468262e-03 2.701805159449577332e-02
-3.040872514247894287e-03 2.763183042407035828e-02
-7.610637694597244263e-03 2.968995273113250732e-02
-9.973123669624328613e-03 3.100648894906044006e-02
-1.097077131271362305e-02 3.152677044272422791e-02
-1.086993888020515442e-02 3.143300116062164307e-02
-1.136239990592002869e-02 3.169539570808410645e-02
-1.144899427890777588e-02 3.180601447820663452e-02
-1.158413290977478027e-02 3.199314326047897339e-02
-1.250509172677993774e-02 3.239090368151664734e-02
-1.275848597288131714e-02 3.257557377219200134e-02
-1.207611709833145142e-02 3.220342472195625305e-02
-1.165566965937614441e-02 3.203089907765388489e-02
-1.202241703867912292e-02 3.214848041534423828e-02
-1.245760917663574219e-02 3.228880837559700012e-02
-1.189095526933670044e-02 3.210052847862243652e-02
-1.222607865929603577e-02 3.225499391555786133e-02
-1.174313575029373169e-02 3.210166841745376587e-02
-1.190282031893730164e-02 3.207590430974960327e-02
-1.114015281200408936e-02 3.184284642338752747e-02
-1.151521503925323486e-02 3.206972032785415649e-02
-1.165562868118286133e-02 3.212471306324005127e-02
-1.268275082111358643e-02 3.258058056235313416e-02
-1.196578890085220337e-02 3.246811032295227051e-02
-1.184708625078201294e-02 3.237285465002059937e-02
-1.072642952203750610e-02 3.195640072226524353e-02
-1.013291254639625549e-02 3.169261291623115540e-02
-1.017537713050842285e-02 3.174264729022979736e-02
-9.795639663934707642e-03 3.156375139951705933e-02
-9.926222264766693115e-03 3.171921148896217346e-02
-1.006153970956802368e-02 3.176441788673400879e-02
-1.014529913663864136e-02 3.182588517665863037e-02
-7.691860198974609375e-03 3.069487586617469788e-02
-8.571125566959381104e-03 3.103820979595184326e-02
-7.664956152439117432e-03 3.049051016569137573e-02
-9.252734482288360596e-03 3.126407414674758911e-02
-9.584553539752960205e-03 3.142336755990982056e-02
-9.486850351095199585e-03 3.128514438867568970e-02
-9.863805025815963745e-03 3.147749230265617371e-02
-9.853675961494445801e-03 3.151658177375793457e-02
-9.311433881521224976e-03 3.125989437103271484e-02
-1.010569185018539429e-02 3.166491538286209106e-02
-1.018324494361877441e-02 3.160505369305610657e-02
-1.043917983770370483e-02 3.178065270185470581e-02
-9.599216282367706299e-03 3.142809867858886719e-02
-9.115729480981826782e-03 3.108524903655052185e-02
-9.453549981117248535e-03 3.136260062456130981e-02
-8.347779512405395508e-03 3.089629486203193665e-02
-7.892929017543792725e-03 3.066830337047576904e-02
-8.379444479942321777e-03 3.085417672991752625e-02
-7.880859076976776123e-03 3.056915849447250366e-02
-7.945653051137924194e-03 3.061598911881446838e-02
-7.415026426315307617e-03 3.033941611647605896e-02
-6.269656121730804443e-03 2.988064661622047424e-02
-4.851050674915313721e-03 2.925002761185169220e-02
-5.813032388687133789e-03 2.963782101869583130e-02
-6.426632404327392578e-03 2.984479442238807678e-02
-6.369739770889282227e-03 2.976333349943161011e-02
-6.215989589691162109e-03 2.977994084358215332e-02
-7.299024611711502075e-03 3.030423074960708618e-02
-6.870795041322708130e-03 3.016279824078083038e-02
-7.782682776451110840e-03 3.065977245569229126e-02
-8.208524435758590698e-03 3.057847544550895691e-02
-1.010105758905410767e-02 3.157558292150497437e-02
-1.109053194522857666e-02 3.192650899291038513e-02
-8.457832038402557373e-03 3.067322447896003723e-02
-9.000308811664581299e-03 3.107181191444396973e-02
-9.683176875114440918e-03 3.130476549267768860e-02
-1.047229766845703125e-02 3.159526735544204712e-02
-1.028675213456153870e-02 3.164213150739669800e-02
-1.015733554959297180e-02 3.153203055262565613e-02
-1.003751903772354126e-02 3.157040476799011230e-02
-1.002661883831024170e-02 3.152583539485931396e-02
-8.780159056186676025e-03 3.107076883316040039e-02
-1.003625616431236267e-02 3.155511617660522461e-02
-9.341180324554443359e-03 3.142435848712921143e-02
-1.001399010419845581e-02 3.156026080250740051e-02
-1.108591258525848389e-02 3.204748034477233887e-02
-1.147189736366271973e-02 3.218084946274757385e-02
-1.202654093503952026e-02 3.242759034037590027e-02
-1.064635813236236572e-02 3.198736533522605896e-02
-1.152371615171432495e-02 3.220051527023315430e-02
-1.254134252667427063e-02 3.256486728787422180e-02
-1.389832794666290283e-02 3.324786946177482605e-02
-1.292844861745834351e-02 3.277486935257911682e-02
-1.406119018793106079e-02 3.330747038125991821e-02
-1.344986259937286377e-02 3.299674019217491150e-02
-1.248437538743019104e-02 3.258841112256050110e-02
-1.219265908002853394e-02 3.230158239603042603e-02
-1.354518532752990723e-02 3.308053314685821533e-02
-9.779427200555801392e-03 3.121576458215713501e-02
-1.133065298199653625e-02 3.183633461594581604e-02
-1.155216991901397705e-02 3.197590634226799011e-02
-5.072072148323059082e-03 2.892117761075496674e-02
-6.508253514766693115e-03 2.952678874135017395e-02
-1.031707599759101868e-02 3.130470216274261475e-02
-9.439557790756225586e-03 3.100987337529659271e-02
-8.698627352714538574e-03 3.059411793947219849e-02
-8.235003799200057983e-03 3.053489699959754944e-02
-9.457200765609741211e-03 3.126598149538040161e-02
-1.006397977471351624e-02 3.144828975200653076e-02
-4.973173141479492188e-03 2.881193719804286957e-02
-1.877176016569137573e-02 3.548246622085571289e-02
-9.757556021213531494e-03 3.102976828813552856e-02
-1.046862453222274780e-02 3.169688582420349121e-02
-5.473047494888305664e-04 2.715984359383583069e-02
-1.038480550050735474e-02 3.156134113669395447e-02
-6.494186818599700928e-03 2.990297973155975342e-02
-8.106920868158340454e-03 3.059943392872810364e-02
-1.057262718677520752e-02 3.188965842127799988e-02
-1.125141978263854980e-02 3.222613409161567688e-02
-9.305901825428009033e-03 3.137963265180587769e-02
-1.023579388856887817e-02 3.182002902030944824e-02
-1.225479692220687866e-02 3.254156559705734253e-02
-1.170868426561355591e-02 3.248587250709533691e-02
-1.120104268193244934e-02 3.217073902487754822e-02
-1.357296109199523926e-02 3.302553296089172363e-02
-1.428167521953582764e-02 3.348692506551742554e-02
-1.048617810010910034e-02 3.167987242341041565e-02
-1.242685317993164062e-02 3.231851756572723389e-02
-1.079457253217697144e-02 3.169290721416473389e-02
-9.859882295131683350e-03 3.105060756206512451e-02
-1.021777093410491943e-02 3.122597932815551758e-02
-9.499073028564453125e-03 3.081777878105640411e-02
-1.082342118024826050e-02 3.119150176644325256e-02
-9.631589055061340332e-03 3.070869483053684235e-02
-1.137757301330566406e-02 3.152588009834289551e-02
-1.069144159555435181e-02 3.121494315564632416e-02
-1.083905249834060669e-02 3.121922910213470459e-02
-1.038831472396850586e-02 3.095552325248718262e-02
-1.220403239130973816e-02 3.169675171375274658e-02
-1.204477995634078979e-02 3.157886862754821777e-02
-1.084988936781883240e-02 3.107042424380779266e-02
