5.482493340969085693e-02 8.530989289283752441e-04
5.601148307323455811e-02 2.545416355133056641e-04
5.159044265747070312e-02 2.388991415500640869e-03
5.111125856637954712e-02 2.546414732933044434e-03
5.021498352289199829e-02 3.011740744113922119e-03
4.965110123157501221e-02 3.299720585346221924e-03
4.884989559650421143e-02 3.858774900436401367e-03
4.620329290628433228e-02 4.807472229003906250e-03
4.732830822467803955e-02 4.723660647869110107e-03
4.631695151329040527e-02 5.138620734214782715e-03
4.309297353029251099e-02 6.592284888029098511e-03
4.548338055610656738e-02 5.534436553716659546e-03
4.288744926452636719e-02 6.726033985614776611e-03
4.034822434186935425e-02 8.190199732780456543e-03
3.917849063873291016e-02 8.775804191827774048e-03
3.962834179401397705e-02 8.567422628402709961e-03
3.840056806802749634e-02 9.048491716384887695e-03
4.130432754755020142e-02 7.702834904193878174e-03
4.325814545154571533e-02 6.773546338081359863e-03
3.982599079608917236e-02 8.192636072635650635e-03
4.222571849822998047e-02 6.961189210414886475e-03
3.919051587581634521e-02 8.502446115016937256e-03
4.078873991966247559e-02 7.541459053754806519e-03
4.168261587619781494e-02 6.853677332401275635e-03
4.005481302738189697e-02 7.686786353588104248e-03
3.924642503261566162e-02 7.692113518714904785e-03
4.354439675807952881e-02 5.585379898548126221e-03
4.363645613193511963e-02 5.446124821901321411e-03
4.084260761737823486e-02 6.759718060493469238e-03
4.150158166885375977e-02 6.937280297279357910e-03
4.107493162155151367e-02 7.434897124767303467e-03
3.857685625553131104e-02 8.179470896720886230e-03
3.999236226081848145e-02 7.548741996288299561e-03
4.314316064119338989e-02 6.486751139163970947e-03
3.991695493459701538e-02 7.985532283782958984e-03
4.217746853828430176e-02 6.783831864595413208e-03
4.543352872133255005e-02 5.066782236099243164e-03
4.647935926914215088e-02 4.555627703666687012e-03
4.625108838081359863e-02 4.490204155445098877e-03
4.770484566688537598e-02 3.751553595066070557e-03
5.023330450057983398e-02 2.581972628831863403e-03
4.821175336837768555e-02 3.651317209005355835e-03
4.639121145009994507e-02 4.585199058055877686e-03
4.315289855003356934e-02 6.076864898204803467e-03
4.459097236394882202e-02 5.449548363685607910e-03
4.600311070680618286e-02 4.738382995128631592e-03
4.214558005332946777e-02 6.412535905838012695e-03
4.556148499250411987e-02 4.755191504955291748e-03
4.708743840456008911e-02 3.793898969888687134e-03
4.652651399374008179e-02 4.238590598106384277e-03
4.879169166088104248e-02 2.997674047946929932e-03
5.183314532041549683e-02 2.051990479230880737e-03
5.213909596204757690e-02 1.851588487625122070e-03
5.088346451520919800e-02 2.487465739250183105e-03
4.951950907707214355e-02 3.291018307209014893e-03
4.859021306037902832e-02 3.843005746603012085e-03
5.219542980194091797e-02 2.089105546474456787e-03
5.065659433603286743e-02 2.849310636520385742e-03
5.072368681430816650e-02 3.211632370948791504e-03
4.958125948905944824e-02 3.730714321136474609e-03
4.664541780948638916e-02 5.076006054878234863e-03
4.313751310110092163e-02 6.680957973003387451e-03
4.350595176219940186e-02 6.595425307750701904e-03
4.199534654617309570e-02 7.326941937208175659e-03
3.994076699018478394e-02 8.184980601072311401e-03
4.244772344827651978e-02 6.922282278537750244e-03
4.326819628477096558e-02 6.578855216503143311e-03
4.232235252857208252e-02 6.912775337696075439e-03
3.951130807399749756e-02 8.195459842681884766e-03
3.871490806341171265e-02 8.758202195167541504e-03
4.124592244625091553e-02 7.957313209772109985e-03
4.565749317407608032e-02 5.705278366804122925e-03
4.337503015995025635e-02 6.402783095836639404e-03
4.264416545629501343e-02 6.494846194982528687e-03
4.345415532588958740e-02 6.001498550176620483e-03
4.600988328456878662e-02 5.061298608779907227e-03
4.259321838617324829e-02 6.631322205066680908e-03
4.443494230508804321e-02 5.978487432003021240e-03
4.686433076858520508e-02 4.908889532089233398e-03
4.685506224632263184e-02 4.838123917579650879e-03
4.717575013637542725e-02 4.301749169826507568e-03
4.729183763265609741e-02 4.021760076284408569e-03
4.902316629886627197e-02 3.274429589509963989e-03
4.477627575397491455e-02 4.906728863716125488e-03
4.505074024200439453e-02 4.743274301290512085e-03
4.216470569372177124e-02 6.061714142560958862e-03
4.076920449733734131e-02 7.101099938154220581e-03
3.918127715587615967e-02 7.898423820734024048e-03
3.929018229246139526e-02 7.874906063079833984e-03
3.873166441917419434e-02 8.026480674743652344e-03
3.930132836103439331e-02 8.098229765892028809e-03
3.861402720212936401e-02 8.606962859630584717e-03
3.922550380229949951e-02 8.491449058055877686e-03
4.199494421482086182e-02 6.930790841579437256e-03
4.373025149106979370e-02 6.234407424926757812e-03
4.545324295759201050e-02 5.199670791625976562e-03
4.597650468349456787e-02 5.095541477203369141e-03
4.781721532344818115e-02 4.233367741107940674e-03
4.585427045822143555e-02 5.111642181873321533e-03
4.606657475233078003e-02 5.137808620929718018e-03
4.286213219165802002e-02 6.865136325359344482e-03
3.965470194816589355e-02 8.304320275783538818e-03
3.597263991832733154e-02 9.934742003679275513e-03
3.747263550758361816e-02 9.066913276910781860e-03
3.434291481971740723e-02 1.042930781841278076e-02
3.263400495052337646e-02 1.119893789291381836e-02
3.032597899436950684e-02 1.228304952383041382e-02
2.891469001770019531e-02 1.294031739234924316e-02
3.209465742111206055e-02 1.173126697540283203e-02
3.270438313484191895e-02 1.118670031428337097e-02
3.400293737649917603e-02 1.056274771690368652e-02
3.425256162881851196e-02 1.066898182034492493e-02
3.271961212158203125e-02 1.087550073862075806e-02
3.526385128498077393e-02 9.607650339603424072e-03
3.861583769321441650e-02 8.594729006290435791e-03
3.839863836765289307e-02 8.538972586393356323e-03
3.936761617660522461e-02 8.491382002830505371e-03
3.965646028518676758e-02 8.298903703689575195e-03
4.224691540002822876e-02 7.203429937362670898e-03
4.093623161315917969e-02 7.536470890045166016e-03
3.944179415702819824e-02 8.264619857072830200e-03
4.098402708768844604e-02 7.836155593395233154e-03
3.730642795562744141e-02 9.192660450935363770e-03
3.961911797523498535e-02 7.994472980499267578e-03
3.992351889610290527e-02 7.856640964746475220e-03
3.783351182937622070e-02 8.982919156551361084e-03
3.869149088859558105e-02 8.699424564838409424e-03
3.872249275445938110e-02 8.734542876482009888e-03
4.340346157550811768e-02 6.524935364723205566e-03
4.107688367366790771e-02 7.543340325355529785e-03
4.297027736902236938e-02 6.382457911968231201e-03
4.233172535896301270e-02 6.830617785453796387e-03
4.109150171279907227e-02 7.481899112462997437e-03
4.429513961076736450e-02 5.986265838146209717e-03
4.504936933517456055e-02 5.544234067201614380e-03
4.461328685283660889e-02 5.583293735980987549e-03
4.649993777275085449e-02 4.683151841163635254e-03
4.535061120986938477e-02 5.086660385131835938e-03
4.530477523803710938e-02 5.318712443113327026e-03
4.398442059755325317e-02 6.138622760772705078e-03
4.232442378997802734e-02 6.968602538108825684e-03
4.362328350543975830e-02 6.215840578079223633e-03
4.280935227870941162e-02 6.658356636762619019e-03
4.383773356676101685e-02 6.110839545726776123e-03
4.279054701328277588e-02 6.751570850610733032e-03
4.070547968149185181e-02 7.418416440486907959e-03
3.885613381862640381e-02 8.412502706050872803e-03
3.863118588924407959e-02 8.587226271629333496e-03
3.863375633955001831e-02 8.484382182359695435e-03
4.215806722640991211e-02 6.962314248085021973e-03
4.137897491455078125e-02 7.572896778583526611e-03
4.207259416580200195e-02 6.880998611450195312e-03
4.159132391214370728e-02 7.323347032070159912e-03
4.299570620059967041e-02 6.405979394912719727e-03
3.940921276807785034e-02 8.074134588241577148e-03
4.192493110895156860e-02 7.093138992786407471e-03
4.173520207405090332e-02 7.491938769817352295e-03
4.486988484859466553e-02 5.768671631813049316e-03
4.445181041955947876e-02 6.148450076580047607e-03
4.358211159706115723e-02 6.680443882942199707e-03
4.592962563037872314e-02 5.784954875707626343e-03
4.458238184452056885e-02 6.202340126037597656e-03
4.725979268550872803e-02 5.088135600090026855e-03
4.591249674558639526e-02 5.757473409175872803e-03
4.313436150550842285e-02 7.005199790000915527e-03
4.556767642498016357e-02 5.904953926801681519e-03
4.567255824804306030e-02 5.730576813220977783e-03
4.352240264415740967e-02 6.544530391693115234e-03
4.402989149093627930e-02 6.188914179801940918e-03
4.328462481498718262e-02 6.638523191213607788e-03
4.565845429897308350e-02 5.414623767137527466e-03
4.922683537006378174e-02 3.462169319391250610e-03
4.713255912065505981e-02 4.426509141921997070e-03
4.764944314956665039e-02 3.971397876739501953e-03
4.755455255508422852e-02 3.964923322200775146e-03
4.683751612901687622e-02 4.479236900806427002e-03
4.645018279552459717e-02 4.812605679035186768e-03
5.021126568317413330e-02 3.185726702213287354e-03
5.148658156394958496e-02 2.411097288131713867e-03
4.923732578754425049e-02 3.429964184761047363e-03
5.247259140014648438e-02 2.334795892238616943e-03
5.227220803499221802e-02 2.132780849933624268e-03
4.977753758430480957e-02 3.062017261981964111e-03
5.237094312906265259e-02 1.897457987070083618e-03
4.735687375068664551e-02 4.077568650245666504e-03
4.814496636390686035e-02 3.829568624496459961e-03
4.756692051887512207e-02 4.263021051883697510e-03
4.326676577329635620e-02 6.439708173274993896e-03
4.313056915998458862e-02 6.153218448162078857e-03
4.789992421865463257e-02 3.739282488822937012e-03
4.340396821498870850e-02 5.979459732770919800e-03
4.417066276073455811e-02 5.681343376636505127e-03
4.481389373540878296e-02 5.825847387313842773e-03
4.335419088602066040e-02 7.099479436874389648e-03
3.761094063520431519e-02 9.554337710142135620e-03
3.519508242607116699e-02 1.040111109614372253e-02
3.404014557600021362e-02 1.121404021978378296e-02
3.643822669982910156e-02 1.047515869140625000e-02
3.225021064281463623e-02 1.205790787935256958e-02
3.091806173324584961e-02 1.234544813632965088e-02
3.116292506456375122e-02 1.264411211013793945e-02
3.217171132564544678e-02 1.224719360470771790e-02
3.306539356708526611e-02 1.221178472042083740e-02
3.245675563812255859e-02 1.219386979937553406e-02
3.422904014587402344e-02 1.144117489457130432e-02
3.175514936447143555e-02 1.249191164970397949e-02
2.861981093883514404e-02 1.378269866108894348e-02
3.026407212018966675e-02 1.294576376676559448e-02
3.098475933074951172e-02 1.222085580229759216e-02
3.155590593814849854e-02 1.206957176327705383e-02
2.865213155746459961e-02 1.394148170948028564e-02
2.826742827892303467e-02 1.392424106597900391e-02
3.382383286952972412e-02 1.152241975069046021e-02
3.651489317417144775e-02 9.960498660802841187e-03
3.321941196918487549e-02 1.122605055570602417e-02
3.152319788932800293e-02 1.198884844779968262e-02
3.081884980201721191e-02 1.238964498043060303e-02
3.479854017496109009e-02 1.047538965940475464e-02
3.561992943286895752e-02 1.023187488317489624e-02
3.221854567527770996e-02 1.165822148323059082e-02
3.524394333362579346e-02 1.011791452765464783e-02
3.594904392957687378e-02 9.916789829730987549e-03
3.269310295581817627e-02 1.136324554681777954e-02
3.398606181144714355e-02 1.075100153684616089e-02
3.281274437904357910e-02 1.120254397392272949e-02
3.187991678714752197e-02 1.165439188480377197e-02
3.453563153743743896e-02 1.051577180624008179e-02
3.579601645469665527e-02 9.863462299108505249e-03
3.512496501207351685e-02 9.983390569686889648e-03
3.862802684307098389e-02 8.369699120521545410e-03
3.849378973245620728e-02 8.182510733604431152e-03
3.971947729587554932e-02 7.665611803531646729e-03
3.924958407878875732e-02 7.993839681148529053e-03
3.631713986396789551e-02 9.485498070716857910e-03
3.495166450738906860e-02 1.012812554836273193e-02
3.301565349102020264e-02 1.073139160871505737e-02
3.486358374357223511e-02 1.014959812164306641e-02
3.518477827310562134e-02 1.013138145208358765e-02
3.548552095890045166e-02 1.000045239925384521e-02
3.660601377487182617e-02 9.128082543611526489e-03
3.780210018157958984e-02 8.628822863101959229e-03
3.457509726285934448e-02 1.023945957422256470e-02
3.515844047069549561e-02 1.000425964593887329e-02
3.753301501274108887e-02 8.822880685329437256e-03
3.846310079097747803e-02 8.293308317661285400e-03
4.051533341407775879e-02 7.617276161909103394e-03
3.653901815414428711e-02 9.609214961528778076e-03
3.713170439004898071e-02 9.607713669538497925e-03
3.951102495193481445e-02 8.646517992019653320e-03
4.107677936553955078e-02 7.724724709987640381e-03
3.805847465991973877e-02 9.586170315742492676e-03
4.299297183752059937e-02 7.469024509191513062e-03
4.134929180145263672e-02 8.154436945915222168e-03
4.128154367208480835e-02 7.932223379611968994e-03
4.186055064201354980e-02 7.600456476211547852e-03
4.171798378229141235e-02 7.469087839126586914e-03
3.952659666538238525e-02 8.654490113258361816e-03
3.973752260208129883e-02 8.416831493377685547e-03
3.985657542943954468e-02 8.376449346542358398e-03
4.047731310129165649e-02 7.999226450920104980e-03
4.032073169946670532e-02 8.384756743907928467e-03
3.920309990644454956e-02 8.763007819652557373e-03
3.923241794109344482e-02 9.150601923465728760e-03
3.877018392086029053e-02 9.043574333190917969e-03
3.428825736045837402e-02 1.127316802740097046e-02
3.637448698282241821e-02 1.070938259363174438e-02
3.607952594757080078e-02 1.073747873306274414e-02
3.945396840572357178e-02 9.029310196638107300e-03
4.214721173048019409e-02 7.990285754203796387e-03
4.270230233669281006e-02 7.734157145023345947e-03
4.508684575557708740e-02 6.505746394395828247e-03
4.364167153835296631e-02 6.918419152498245239e-03
4.074433445930480957e-02 8.241865783929824829e-03
4.096713662147521973e-02 8.093930780887603760e-03
4.360543191432952881e-02 6.680302321910858154e-03
4.433482885360717773e-02 6.135869771242141724e-03
4.701610654592514038e-02 5.203325301408767700e-03
4.776442795991897583e-02 4.717074334621429443e-03
4.871311783790588379e-02 4.552088677883148193e-03
4.705280065536499023e-02 5.131553858518600464e-03
4.942978918552398682e-02 3.768868744373321533e-03
4.650732874870300293e-02 4.809193313121795654e-03
4.632493853569030762e-02 4.930868744850158691e-03
4.619561135768890381e-02 4.876412451267242432e-03
4.328911006450653076e-02 6.463631987571716309e-03
4.387801885604858398e-02 6.400711834430694580e-03
4.094158113002777100e-02 7.439471781253814697e-03
3.972549736499786377e-02 8.447874337434768677e-03
4.373812675476074219e-02 6.782043725252151489e-03
4.151840507984161377e-02 7.612455636262893677e-03
4.186329245567321777e-02 7.656719535589218140e-03
3.909254819154739380e-02 8.992448449134826660e-03
3.899075090885162354e-02 9.284622967243194580e-03
4.232512414455413818e-02 7.907189428806304932e-03
4.551841318607330322e-02 6.192572414875030518e-03
4.364822059869766235e-02 6.638541817665100098e-03
4.257866740226745605e-02 7.342651486396789551e-03
4.017721116542816162e-02 8.470579981803894043e-03
3.640587627887725830e-02 1.008357107639312744e-02
3.640057146549224854e-02 9.865470230579376221e-03
4.065586626529693604e-02 7.842030376195907593e-03
4.466440528631210327e-02 6.071757525205612183e-03
4.649151861667633057e-02 5.099289119243621826e-03
4.157203435897827148e-02 7.200896739959716797e-03
4.114799201488494873e-02 7.852070033550262451e-03
3.873352706432342529e-02 9.243343025445938110e-03
3.823392838239669800e-02 9.095299988985061646e-03
3.790769726037979126e-02 9.237572550773620605e-03
3.714960813522338867e-02 9.647466242313385010e-03
3.717073798179626465e-02 9.609781205654144287e-03
3.712251782417297363e-02 9.478177875280380249e-03
3.860990703105926514e-02 9.150885045528411865e-03
3.835184127092361450e-02 9.161107242107391357e-03
3.766848146915435791e-02 9.477935731410980225e-03
3.738474845886230469e-02 9.847417473793029785e-03
3.677009046077728271e-02 9.956110268831253052e-03
3.925743699073791504e-02 8.984163403511047363e-03
3.893785923719406128e-02 9.054526686668395996e-03
3.959659487009048462e-02 8.704006671905517578e-03
3.947816789150238037e-02 8.818391710519790649e-03
3.636455535888671875e-02 1.008266955614089966e-02
3.400753438472747803e-02 1.109453290700912476e-02
3.725026547908782959e-02 9.543288499116897583e-03
3.805611282587051392e-02 9.496234357357025146e-03
4.362584650516510010e-02 6.937045603990554810e-03
4.660620540380477905e-02 5.362376570701599121e-03
4.744830727577209473e-02 4.939313977956771851e-03
4.641362279653549194e-02 5.543351173400878906e-03
4.529221355915069580e-02 5.897842347621917725e-03
4.585806280374526978e-02 5.438979715108871460e-03
4.915266484022140503e-02 4.069056361913681030e-03
4.800364375114440918e-02 4.608541727066040039e-03
4.638226330280303955e-02 5.439177155494689941e-03
4.535865783691406250e-02 5.902200937271118164e-03
4.453734308481216431e-02 6.129391491413116455e-03
4.452726244926452637e-02 6.115000694990158081e-03
4.413902759552001953e-02 6.476759910583496094e-03
4.350771009922027588e-02 6.812490522861480713e-03
4.176101088523864746e-02 8.102923631668090820e-03
3.954130411148071289e-02 9.370792657136917114e-03
3.764042258262634277e-02 1.032184064388275146e-02
3.851561248302459717e-02 1.004965230822563171e-02
3.636485338211059570e-02 1.055652648210525513e-02
3.137843310832977295e-02 1.237995922565460205e-02
2.875926345586776733e-02 1.333134993910789490e-02
2.644771337509155273e-02 1.434896141290664673e-02
2.399280667304992676e-02 1.571576297283172607e-02
2.051389217376708984e-02 1.777191832661628723e-02
2.216650545597076416e-02 1.715534925460815430e-02
3.722599148750305176e-02 9.731680154800415039e-03
4.874776303768157959e-02 4.463441669940948486e-03
5.018447339534759521e-02 3.578249365091323853e-03
5.040833353996276855e-02 3.633834421634674072e-03
4.990385472774505615e-02 4.091866314411163330e-03
4.942145198583602905e-02 4.360318183898925781e-03
4.989869892597198486e-02 4.325233399868011475e-03
4.808173328638076782e-02 5.265552550554275513e-03
4.694339632987976074e-02 5.817852914333343506e-03
4.549146443605422974e-02 6.214909255504608154e-03
4.503455758094787598e-02 6.441518664360046387e-03
4.517792910337448120e-02 6.128411740064620972e-03
4.296876490116119385e-02 7.502920925617218018e-03
4.496550559997558594e-02 6.514050066471099854e-03
4.679751396179199219e-02 5.790315568447113037e-03
4.681024700403213501e-02 5.830563604831695557e-03
4.815130680799484253e-02 5.058303475379943848e-03
4.794329404830932617e-02 4.960149526596069336e-03
4.951789975166320801e-02 4.603303968906402588e-03
5.041345953941345215e-02 3.974139690399169922e-03
5.067476630210876465e-02 3.833919763565063477e-03
4.734811186790466309e-02 5.341865122318267822e-03
4.775935411453247070e-02 4.882711917161941528e-03
4.685604572296142578e-02 5.084671080112457275e-03
4.566898196935653687e-02 5.723334848880767822e-03
4.840468615293502808e-02 4.417683929204940796e-03
5.036995559930801392e-02 3.713764250278472900e-03
5.030925571918487549e-02 3.502123057842254639e-03
4.642730206251144409e-02 5.224939435720443726e-03
4.510863125324249268e-02 5.887724459171295166e-03
4.485279321670532227e-02 6.075803190469741821e-03
4.292057454586029053e-02 6.820537149906158447e-03
4.260546714067459106e-02 6.827846169471740723e-03
4.117064923048019409e-02 7.316082715988159180e-03
4.009964317083358765e-02 7.743448019027709961e-03
4.091951251029968262e-02 7.580183446407318115e-03
3.959311544895172119e-02 8.248209953308105469e-03
3.843463957309722900e-02 8.838038891553878784e-03
3.808203339576721191e-02 9.127326309680938721e-03
3.948766738176345825e-02 8.778717368841171265e-03
4.175752401351928711e-02 8.063815534114837646e-03
4.585132002830505371e-02 6.221681833267211914e-03
4.416300356388092041e-02 6.779659539461135864e-03
4.347999393939971924e-02 6.875216960906982422e-03
4.626680165529251099e-02 5.531024187803268433e-03
4.440930485725402832e-02 6.569441407918930054e-03
4.423946887254714966e-02 6.630443036556243896e-03
4.387629032135009766e-02 6.557416170835494995e-03
4.202547669410705566e-02 7.416687905788421631e-03
4.255151748657226562e-02 7.222205400466918945e-03
4.651595652103424072e-02 5.385879427194595337e-03
4.612665623426437378e-02 5.536999553442001343e-03
4.502312839031219482e-02 6.285175681114196777e-03
4.409360885620117188e-02 6.748799234628677368e-03
4.295753687620162964e-02 7.251851260662078857e-03
4.404026269912719727e-02 6.693102419376373291e-03
4.206825792789459229e-02 7.630128413438796997e-03
4.012806713581085205e-02 8.406486362218856812e-03
3.885167837142944336e-02 8.764848113059997559e-03
3.803637623786926270e-02 8.898876607418060303e-03
3.837801516056060791e-02 8.745357394218444824e-03
3.967873752117156982e-02 8.331723511219024658e-03
4.036509990692138672e-02 8.138790726661682129e-03
4.344313591718673706e-02 6.717335432767868042e-03
4.345951974391937256e-02 6.788872182369232178e-03
4.409316182136535645e-02 6.582967936992645264e-03
4.573394358158111572e-02 5.909971892833709717e-03
4.699752479791641235e-02 5.221150815486907959e-03
4.671894758939743042e-02 5.159914493560791016e-03
5.075915157794952393e-02 3.027670085430145264e-03
5.138574540615081787e-02 2.728145569562911987e-03
5.193802714347839355e-02 2.435911446809768677e-03
5.415692925453186035e-02 1.308239996433258057e-03
5.189406871795654297e-02 2.526775002479553223e-03
5.171109735965728760e-02 2.864263951778411865e-03
5.004033446311950684e-02 3.574609756469726562e-03
4.806275665760040283e-02 4.195198416709899902e-03
4.660944640636444092e-02 4.790250211954116821e-03
4.724259674549102783e-02 4.490248858928680420e-03
4.421823471784591675e-02 5.913719534873962402e-03
4.478535801172256470e-02 5.992315709590911865e-03
4.737810045480728149e-02 4.763484001159667969e-03
4.933403432369232178e-02 3.992080688476562500e-03
4.822146892547607422e-02 4.489913582801818848e-03
4.764939844608306885e-02 4.794660955667495728e-03
4.169955849647521973e-02 7.525287568569183350e-03
4.718214273452758789e-02 5.156077444553375244e-03
4.820626974105834961e-02 5.125030875205993652e-03
4.964128136634826660e-02 4.223540425300598145e-03
4.913723468780517578e-02 4.037253558635711670e-03
4.633933305740356445e-02 5.010336637496948242e-03
4.581329226493835449e-02 5.555547773838043213e-03
4.445107281208038330e-02 6.103493273258209229e-03
4.445127397775650024e-02 6.108749657869338989e-03
4.649303108453750610e-02 5.263939499855041504e-03
4.718403518199920654e-02 5.409039556980133057e-03
4.543569684028625488e-02 6.340004503726959229e-03
4.514538496732711792e-02 6.382331252098083496e-03
4.469730705022811890e-02 6.564356386661529541e-03
4.404395073652267456e-02 6.525106728076934814e-03
4.752287268638610840e-02 4.741057753562927246e-03
4.602324217557907104e-02 5.322530865669250488e-03
4.036981612443923950e-02 7.587686181068420410e-03
4.098448157310485840e-02 7.241874933242797852e-03
3.788086771965026855e-02 8.313316851854324341e-03
3.951999545097351074e-02 7.814459502696990967e-03
3.918182104825973511e-02 8.279886096715927124e-03
4.064922034740447998e-02 7.758494466543197632e-03
3.876191377639770508e-02 8.619505912065505981e-03
3.856194019317626953e-02 8.837845176458358765e-03
4.132670909166336060e-02 7.240116596221923828e-03
3.969956934452056885e-02 8.013762533664703369e-03
3.987564146518707275e-02 7.762391120195388794e-03
4.161639511585235596e-02 7.022567093372344971e-03
4.131163656711578369e-02 7.254585623741149902e-03
4.295627772808074951e-02 6.296388804912567139e-03
4.373042285442352295e-02 6.080143153667449951e-03
4.279909282922744751e-02 6.779015064239501953e-03
4.175573587417602539e-02 7.262762635946273804e-03
4.142284393310546875e-02 7.762700319290161133e-03
4.309099912643432617e-02 7.067888975143432617e-03
4.100778698921203613e-02 7.428169250488281250e-03
4.369660466909408569e-02 6.406005471944808960e-03
4.512278735637664795e-02 5.324460566043853760e-03
4.785753786563873291e-02 3.864873200654983521e-03
4.789669811725616455e-02 3.504317253828048706e-03
4.502896964550018311e-02 4.767559468746185303e-03
4.147206246852874756e-02 6.473578512668609619e-03
4.167100042104721069e-02 6.437152624130249023e-03
3.987296670675277710e-02 7.365524768829345703e-03
3.518658131361007690e-02 9.844422340393066406e-03
3.698552399873733521e-02 8.927498012781143188e-03
3.634268045425415039e-02 9.328559041023254395e-03
3.246879577636718750e-02 1.095200702548027039e-02
3.279407322406768799e-02 1.103020831942558289e-02
3.253848850727081299e-02 1.103606820106506348e-02
3.415878862142562866e-02 1.035717874765396118e-02
3.468155860900878906e-02 1.031088083982467651e-02
3.583227097988128662e-02 1.005461812019348145e-02
3.145413845777511597e-02 1.191287487745285034e-02
3.324974328279495239e-02 1.130461692810058594e-02
3.513318300247192383e-02 1.062081009149551392e-02
3.488355129957199097e-02 1.084150746464729309e-02
3.074856847524642944e-02 1.307845115661621094e-02
2.829793840646743774e-02 1.405768841505050659e-02
2.460850030183792114e-02 1.547154784202575684e-02
2.692540735006332397e-02 1.440104097127914429e-02
2.716650068759918213e-02 1.462792605161666870e-02
2.839327603578567505e-02 1.405503973364830017e-02
2.674345672130584717e-02 1.493748277425765991e-02
2.429856359958648682e-02 1.626104861497879028e-02
2.333089709281921387e-02 1.646939665079116821e-02
2.494478225708007812e-02 1.587112247943878174e-02
2.235946804285049438e-02 1.714526116847991943e-02
2.042915672063827515e-02 1.794525980949401855e-02
2.555847913026809692e-02 1.586793735623359680e-02
2.160646766424179077e-02 1.737070083618164062e-02
2.061205357313156128e-02 1.770073175430297852e-02
2.223202586174011230e-02 1.719385385513305664e-02
1.891686767339706421e-02 1.881440356373786926e-02
1.980017870664596558e-02 1.819600164890289307e-02
1.915553212165832520e-02 1.831868663430213928e-02
1.623077690601348877e-02 1.943564414978027344e-02
1.106441766023635864e-02 2.126286551356315613e-02
1.141884177923202515e-02 2.096616476774215698e-02
1.183688640594482422e-02 2.092348784208297729e-02
1.046033948659896851e-02 2.192653343081474304e-02
1.123412698507308960e-02 2.208402752876281738e-02
9.596034884452819824e-03 2.290869876742362976e-02
1.081634312868118286e-02 2.193919569253921509e-02
8.534878492355346680e-03 2.274458855390548706e-02
9.634748101234436035e-03 2.237083762884140015e-02
7.745400071144104004e-03 2.282099425792694092e-02
5.967788398265838623e-03 2.341431379318237305e-02
2.748936414718627930e-03 2.435844764113426208e-02
9.623467922210693359e-04 2.526463940739631653e-02
3.203228116035461426e-04 2.585288509726524353e-02
-3.514438867568969727e-04 2.572175115346908569e-02
1.227438449859619141e-03 2.486860007047653198e-02
2.219349145889282227e-03 2.449524775147438049e-02
3.299191594123840332e-04 2.537221834063529968e-02
-2.276584506034851074e-03 2.644982561469078064e-02
-4.150122404098510742e-04 2.579310908913612366e-02
7.830262184143066406e-04 2.518740668892860413e-02
2.668112516403198242e-03 2.427662536501884460e-02
3.187730908393859863e-03 2.404288947582244873e-02
3.064773976802825928e-03 2.413643896579742432e-02
9.646415710449218750e-04 2.512712031602859497e-02
2.653174102306365967e-03 2.420454472303390503e-02
-1.357644796371459961e-04 2.548067271709442139e-02
2.347558736801147461e-03 2.428714185953140259e-02
-9.898096323013305664e-04 2.600314840674400330e-02
-4.522576928138732910e-04 2.568364515900611877e-02
-4.082322120666503906e-03 2.735128253698348999e-02
-2.516448497772216797e-03 2.669315785169601440e-02
-2.041444182395935059e-03 2.643720060586929321e-02
-1.331970095634460449e-03 2.619953453540802002e-02
-4.000559449195861816e-03 2.765881642699241638e-02
-6.667621433734893799e-03 2.889533713459968567e-02
-8.044354617595672607e-03 2.924572676420211792e-02
-3.967709839344024658e-03 2.747818082571029663e-02
-3.418304026126861572e-03 2.723433077335357666e-02
-2.431951463222503662e-03 2.671579271554946899e-02
-3.573723137378692627e-03 2.754054963588714600e-02
-4.798546433448791504e-04 2.601279318332672119e-02
-7.146447896957397461e-04 2.604920789599418640e-02
1.177430152893066406e-03 2.500169351696968079e-02
3.509230911731719971e-03 2.403763681650161743e-02
7.099881768226623535e-03 2.231933176517486572e-02
6.365746259689331055e-03 2.279001474380493164e-02
6.208397448062896729e-03 2.260050922632217407e-02
3.707185387611389160e-03 2.399189025163650513e-02
5.090244114398956299e-03 2.347276359796524048e-02
1.701928675174713135e-03 2.495039626955986023e-02
-7.192716002464294434e-04 2.603237330913543701e-02
2.579212188720703125e-03 2.464344725012779236e-02
1.968622207641601562e-03 2.446346729993820190e-02
7.083952426910400391e-03 2.195829153060913086e-02
2.890430390834808350e-03 2.372426167130470276e-02
3.145091235637664795e-03 2.381351962685585022e-02
7.249906659126281738e-03 2.239543572068214417e-02
7.610164582729339600e-03 2.235648036003112793e-02
1.124246418476104736e-02 2.055538445711135864e-02
1.429457962512969971e-02 1.941686868667602539e-02
1.462449878454208374e-02 1.934336498379707336e-02
1.120265573263168335e-02 2.126902714371681213e-02
8.476793766021728516e-03 2.242011949419975281e-02
7.286027073860168457e-03 2.302262932062149048e-02
1.136291027069091797e-02 2.096699923276901245e-02
1.064802706241607666e-02 2.052484825253486633e-02
9.131260216236114502e-03 2.105944603681564331e-02
1.271215081214904785e-02 1.939520239830017090e-02
1.433313637971878052e-02 1.896762847900390625e-02
1.596045494079589844e-02 1.828773319721221924e-02
1.568537950515747070e-02 1.819225028157234192e-02
1.442631334066390991e-02 1.911288499832153320e-02
1.356757432222366333e-02 1.980362460017204285e-02
1.737259328365325928e-02 1.889678835868835449e-02
1.574051380157470703e-02 2.052861079573631287e-02
1.593078672885894775e-02 2.027940750122070312e-02
1.721642166376113892e-02 1.949012652039527893e-02
1.840853691101074219e-02 1.874041184782981873e-02
1.779828220605850220e-02 1.883829385042190552e-02
2.451334148645401001e-02 1.553411036729812622e-02
3.019811213016510010e-02 1.236191391944885254e-02
3.336700052022933960e-02 1.100121438503265381e-02
3.548049181699752808e-02 9.812302887439727783e-03
4.254019260406494141e-02 6.933797150850296021e-03
4.269964993000030518e-02 6.983738392591476440e-03
3.652817010879516602e-02 1.024603843688964844e-02
4.234885424375534058e-02 7.663674652576446533e-03
4.157249629497528076e-02 8.537843823432922363e-03
3.508344292640686035e-02 1.169169321656227112e-02
3.482019901275634766e-02 1.160901039838790894e-02
3.436883538961410522e-02 1.129731163382530212e-02
3.337265551090240479e-02 1.160963252186775208e-02
3.490418940782546997e-02 1.063292473554611206e-02
3.488241136074066162e-02 1.046464592218399048e-02
3.127579391002655029e-02 1.202730461955070496e-02
3.163187950849533081e-02 1.170494407415390015e-02
3.207658976316452026e-02 1.158773899078369141e-02
3.405854105949401855e-02 1.097209006547927856e-02
3.470219671726226807e-02 1.061661541461944580e-02
3.900413215160369873e-02 8.959412574768066406e-03
3.646224737167358398e-02 9.709209203720092773e-03
3.045052289962768555e-02 1.317445188760757446e-02
3.249634802341461182e-02 1.160126179456710815e-02
2.691293507814407349e-02 1.408624649047851562e-02
2.120068669319152832e-02 1.670285314321517944e-02
2.483009546995162964e-02 1.444280147552490234e-02
2.200355380773544312e-02 1.572213321924209595e-02
3.100024908781051636e-02 1.150593534111976624e-02
3.497435897588729858e-02 9.833395481109619141e-03
3.897629678249359131e-02 8.437145501375198364e-03
3.862021118402481079e-02 8.987389504909515381e-03
3.803843259811401367e-02 9.571254253387451172e-03
3.882163017988204956e-02 9.319134056568145752e-03
3.701876848936080933e-02 9.965807199478149414e-03
3.675460815429687500e-02 1.015955954790115356e-02
3.659380972385406494e-02 1.002527773380279541e-02
3.687490522861480713e-02 9.758543223142623901e-03
3.791739046573638916e-02 9.373553097248077393e-03
3.686957061290740967e-02 9.976793080568313599e-03
3.636866062879562378e-02 1.037964597344398499e-02
3.864154219627380371e-02 9.558953344821929932e-03
3.849031031131744385e-02 9.540885686874389648e-03
3.524773567914962769e-02 1.102750748395919800e-02
3.591844439506530762e-02 1.090285927057266235e-02
3.796774148941040039e-02 1.034712046384811401e-02
4.146212339401245117e-02 8.662436157464981079e-03
4.085417836904525757e-02 8.805114775896072388e-03
4.210171103477478027e-02 7.885299623012542725e-03
3.828933089971542358e-02 9.694203734397888184e-03
4.111038893461227417e-02 8.170187473297119141e-03
4.102849960327148438e-02 8.240405470132827759e-03
4.116864502429962158e-02 8.178763091564178467e-03
4.296585917472839355e-02 7.521104067564010620e-03
4.128868877887725830e-02 8.301466703414916992e-03
3.892907500267028809e-02 8.938662707805633545e-03
3.792012482881546021e-02 9.522464126348495483e-03
3.700385987758636475e-02 9.942553937435150146e-03
3.859596699476242065e-02 9.305190294981002808e-03
4.183756560087203979e-02 8.073650300502777100e-03
3.946483135223388672e-02 8.969806134700775146e-03
3.623241186141967773e-02 1.026916503906250000e-02
3.509283065795898438e-02 1.061800122261047363e-02
3.477979451417922974e-02 1.113171130418777466e-02
3.473627567291259766e-02 1.122604310512542725e-02
3.298468887805938721e-02 1.187635213136672974e-02
3.258915245532989502e-02 1.221987605094909668e-02
3.647319972515106201e-02 1.002515852451324463e-02
3.753288835287094116e-02 9.539656341075897217e-03
3.616543859243392944e-02 1.024260371923446655e-02
3.875732421875000000e-02 8.923389017581939697e-03
3.748835623264312744e-02 9.192921221256256104e-03
3.850644826889038086e-02 8.757330477237701416e-03
3.777601569890975952e-02 9.523384273052215576e-03
3.569092601537704468e-02 1.094292849302291870e-02
3.819222748279571533e-02 9.859524667263031006e-03
3.660163283348083496e-02 1.041598618030548096e-02
3.617076575756072998e-02 1.032673567533493042e-02
3.575394302606582642e-02 1.037561893463134766e-02
3.257048130035400391e-02 1.206590980291366577e-02
3.355555981397628784e-02 1.135042309761047363e-02
3.304976224899291992e-02 1.132387667894363403e-02
3.497198224067687988e-02 1.043633744120597839e-02
3.906552493572235107e-02 8.759140968322753906e-03
3.737413883209228516e-02 9.582467377185821533e-03
3.585550189018249512e-02 1.044740527868270874e-02
3.613391518592834473e-02 1.021904498338699341e-02
3.625266999006271362e-02 1.013138517737388611e-02
4.155456274747848511e-02 7.898278534412384033e-03
4.015918821096420288e-02 8.448198437690734863e-03
3.922793269157409668e-02 8.663721382617950439e-03
4.108124226331710815e-02 8.093819022178649902e-03
3.937798738479614258e-02 9.115800261497497559e-03
4.144399613142013550e-02 8.147619664669036865e-03
3.785194456577301025e-02 9.676210582256317139e-03
3.976155072450637817e-02 9.253308176994323730e-03
4.031997919082641602e-02 8.936718106269836426e-03
3.937136381864547729e-02 8.769467473030090332e-03
4.177571833133697510e-02 8.262321352958679199e-03
4.178304225206375122e-02 8.245632052421569824e-03
3.996604681015014648e-02 8.889287710189819336e-03
3.616517782211303711e-02 1.035675033926963806e-02
3.731766343116760254e-02 9.824216365814208984e-03
3.283019363880157471e-02 1.210607588291168213e-02
3.611731529235839844e-02 1.086216792464256287e-02
3.632092475891113281e-02 1.043804734945297241e-02
3.553349524736404419e-02 1.084692403674125671e-02
3.397607803344726562e-02 1.141699403524398804e-02
3.495299816131591797e-02 1.076720654964447021e-02
3.779080510139465332e-02 9.443849325180053711e-03
4.062025249004364014e-02 8.124139159917831421e-03
4.017908871173858643e-02 7.983777672052383423e-03
4.136219620704650879e-02 7.468417286872863770e-03
4.230682551860809326e-02 6.646890193223953247e-03
3.862383961677551270e-02 8.724965155124664307e-03
3.906788676977157593e-02 8.827745914459228516e-03
3.712080419063568115e-02 9.297255426645278931e-03
3.917393088340759277e-02 8.318718522787094116e-03
3.516560792922973633e-02 1.031258329749107361e-02
3.559337556362152100e-02 1.030673831701278687e-02
3.072954714298248291e-02 1.212079823017120361e-02
3.218085318803787231e-02 1.153635233640670776e-02
3.407606482505798340e-02 1.124188676476478577e-02
3.461068868637084961e-02 1.101019233465194702e-02
3.563833981752395630e-02 1.051296666264533997e-02
3.456944227218627930e-02 1.071629300713539124e-02
3.343336284160614014e-02 1.150941103696823120e-02
3.436597436666488647e-02 1.131878420710563660e-02
3.385985642671585083e-02 1.158709824085235596e-02
4.097881168127059937e-02 8.425835520029067993e-03
3.927154839038848877e-02 8.652586489915847778e-03
4.093686491250991821e-02 8.177004754543304443e-03
4.111632704734802246e-02 8.124701678752899170e-03
4.092388600111007690e-02 8.662447333335876465e-03
4.054245352745056152e-02 8.223641663789749146e-03
4.129891097545623779e-02 8.148893713951110840e-03
4.127553105354309082e-02 8.164107799530029297e-03
3.793820738792419434e-02 9.543359279632568359e-03
3.965672850608825684e-02 8.856154978275299072e-03
4.044796526432037354e-02 8.387211710214614868e-03
3.885732591152191162e-02 8.976645767688751221e-03
3.894920647144317627e-02 9.058959782123565674e-03
3.844171762466430664e-02 9.043812751770019531e-03
3.955701738595962524e-02 8.691940456628799438e-03
3.901210427284240723e-02 8.729003369808197021e-03
3.984919190406799316e-02 8.469551801681518555e-03
4.001157730817794800e-02 8.479144424200057983e-03
4.220090806484222412e-02 7.560454308986663818e-03
4.227760434150695801e-02 7.424801588058471680e-03
4.086428880691528320e-02 7.913317531347274780e-03
4.010554403066635132e-02 7.886879146099090576e-03
3.943339735269546509e-02 8.314508944749832153e-03
4.072758555412292480e-02 7.726132869720458984e-03
4.099793732166290283e-02 7.714450359344482422e-03
4.453328251838684082e-02 6.270211189985275269e-03
4.338306933641433716e-02 6.859235465526580811e-03
4.499663412570953369e-02 6.137564778327941895e-03
4.503265023231506348e-02 6.213068962097167969e-03
4.320953786373138428e-02 6.901696324348449707e-03
4.036620259284973145e-02 8.240200579166412354e-03
4.094834625720977783e-02 7.681567221879959106e-03
4.022127389907836914e-02 7.729291915893554688e-03
3.900421410799026489e-02 8.417442440986633301e-03
3.754687309265136719e-02 8.994981646537780762e-03
3.623782843351364136e-02 9.867548942565917969e-03
3.660929948091506958e-02 9.563058614730834961e-03
3.955954313278198242e-02 8.503980934619903564e-03
3.792169690132141113e-02 9.358003735542297363e-03
3.529593348503112793e-02 1.017796248197555542e-02
3.733924031257629395e-02 9.530313313007354736e-03
3.798107802867889404e-02 9.410578757524490356e-03
3.945438563823699951e-02 8.898362517356872559e-03
3.984203934669494629e-02 8.565429598093032837e-03
4.134848713874816895e-02 7.735311985015869141e-03
4.040496051311492920e-02 8.000385016202926636e-03
4.071958363056182861e-02 7.985033094882965088e-03
4.152873903512954712e-02 7.641881704330444336e-03
4.001522809267044067e-02 8.280552923679351807e-03
4.283657670021057129e-02 7.295757532119750977e-03
4.182736575603485107e-02 7.714547216892242432e-03
4.133670777082443237e-02 7.761791348457336426e-03
4.350802302360534668e-02 6.595272570848464966e-03
4.255086183547973633e-02 6.810024380683898926e-03
4.270377755165100098e-02 6.920024752616882324e-03
3.964884579181671143e-02 8.178554475307464600e-03
4.123964160680770874e-02 7.479056715965270996e-03
3.869572281837463379e-02 8.476361632347106934e-03
3.644858300685882568e-02 9.670808911323547363e-03
3.839601576328277588e-02 8.746229112148284912e-03
3.799661248922348022e-02 8.870720863342285156e-03
4.002059996128082275e-02 7.959056645631790161e-03
4.141508042812347412e-02 7.175236940383911133e-03
4.209454357624053955e-02 7.042668759822845459e-03
4.201309382915496826e-02 7.153168320655822754e-03
4.249328374862670898e-02 6.871704012155532837e-03
4.299661517143249512e-02 6.715614348649978638e-03
4.045227915048599243e-02 7.843464612960815430e-03
3.905260562896728516e-02 8.364863693714141846e-03
4.099977761507034302e-02 7.248684763908386230e-03
4.049482941627502441e-02 7.688157260417938232e-03
4.030504822731018066e-02 7.648717612028121948e-03
4.400053620338439941e-02 5.856283009052276611e-03
4.776535928249359131e-02 4.429131746292114258e-03
4.662325978279113770e-02 4.933074116706848145e-03
4.705169796943664551e-02 4.663728177547454834e-03
4.667629301548004150e-02 4.848614335060119629e-03
4.603394865989685059e-02 5.119550973176956177e-03
4.551921784877777100e-02 5.540639162063598633e-03
4.578105360269546509e-02 5.384583026170730591e-03
4.573253542184829712e-02 5.324341356754302979e-03
4.423865675926208496e-02 5.861289799213409424e-03
4.210615158081054688e-02 6.750822067260742188e-03
4.244279861450195312e-02 6.644822657108306885e-03
4.706704616546630859e-02 4.544310271739959717e-03
4.647344350814819336e-02 4.801653325557708740e-03
4.437185823917388916e-02 5.894970148801803589e-03
4.630999267101287842e-02 5.266349762678146362e-03
4.644915461540222168e-02 5.535922944545745850e-03
4.689527302980422974e-02 5.122449249029159546e-03
4.553923755884170532e-02 5.598284304141998291e-03
4.383152723312377930e-02 6.365612149238586426e-03
4.290135204792022705e-02 6.583303213119506836e-03
4.108627140522003174e-02 7.519640028476715088e-03
3.864753991365432739e-02 8.589074015617370605e-03
4.038237035274505615e-02 7.893130183219909668e-03
4.071640223264694214e-02 7.661666721105575562e-03
3.851824253797531128e-02 8.999232202768325806e-03
3.881996870040893555e-02 9.138014167547225952e-03
4.264299571514129639e-02 7.325027137994766235e-03
4.103785008192062378e-02 7.902409881353378296e-03
4.011889547109603882e-02 8.303973823785781860e-03
4.188203811645507812e-02 7.428769022226333618e-03
3.853053599596023560e-02 8.824273943901062012e-03
3.969781845808029175e-02 8.053645491600036621e-03
3.723978996276855469e-02 9.232189506292343140e-03
3.365065157413482666e-02 1.032491028308868408e-02
3.361591696739196777e-02 1.082899421453475952e-02
3.582318127155303955e-02 9.901974350214004517e-03
3.991656750440597534e-02 7.562633603811264038e-03
3.554521501064300537e-02 9.743034839630126953e-03
3.812196850776672363e-02 8.893258869647979736e-03
3.462573885917663574e-02 1.031412929296493530e-02
3.374230116605758667e-02 1.102706417441368103e-02
3.807460516691207886e-02 8.755721151828765869e-03
3.982049226760864258e-02 8.142031729221343994e-03
3.911699354648590088e-02 8.287906646728515625e-03
4.224555194377899170e-02 6.496883928775787354e-03
4.137340188026428223e-02 6.928205490112304688e-03
4.491277039051055908e-02 5.497086793184280396e-03
4.390102624893188477e-02 6.022661924362182617e-03
4.604481160640716553e-02 5.078032612800598145e-03
4.515810310840606689e-02 5.567427724599838257e-03
4.500940442085266113e-02 5.891300737857818604e-03
4.440931975841522217e-02 6.226569414138793945e-03
4.423671215772628784e-02 6.427876651287078857e-03
4.584185779094696045e-02 5.502395331859588623e-03
4.404656589031219482e-02 6.253086030483245850e-03
4.421721398830413818e-02 6.013564765453338623e-03
4.454176127910614014e-02 5.938485264778137207e-03
4.334307461977005005e-02 6.311416625976562500e-03
4.483638703823089600e-02 5.772162228822708130e-03
4.467436671257019043e-02 5.847152322530746460e-03
4.402913153171539307e-02 6.048016250133514404e-03
4.327251017093658447e-02 6.377302110195159912e-03
3.974780440330505371e-02 8.023671805858612061e-03
3.823913633823394775e-02 8.932396769523620605e-03
3.627702593803405762e-02 9.809724986553192139e-03
3.522673249244689941e-02 1.020649448037147522e-02
3.530173003673553467e-02 1.025848835706710815e-02
3.654297441244125366e-02 9.661525487899780273e-03
3.574243187904357910e-02 9.909853339195251465e-03
3.407974541187286377e-02 1.056956499814987183e-02
3.852810710668563843e-02 8.926555514335632324e-03
3.879521042108535767e-02 9.024903178215026855e-03
3.943121433258056641e-02 8.576121181249618530e-03
4.103912413120269775e-02 7.559861987829208374e-03
3.963805735111236572e-02 8.477810770273208618e-03
3.925155848264694214e-02 8.775487542152404785e-03
3.915886580944061279e-02 8.905388414859771729e-03
3.991493582725524902e-02 8.480265736579895020e-03
4.195663332939147949e-02 7.708020508289337158e-03
4.218254983425140381e-02 7.661949843168258667e-03
4.129178822040557861e-02 7.804058492183685303e-03
3.989876806735992432e-02 8.300092071294784546e-03
4.110397398471832275e-02 7.565125823020935059e-03
4.231353104114532471e-02 7.024347782135009766e-03
4.275283217430114746e-02 6.775312125682830811e-03
4.121053218841552734e-02 7.528364658355712891e-03
3.997725993394851685e-02 7.945269346237182617e-03
4.147002100944519043e-02 7.393192499876022339e-03
4.156602919101715088e-02 7.339432835578918457e-03
4.165744781494140625e-02 7.192745804786682129e-03
3.950157761573791504e-02 8.023865520954132080e-03
4.166948795318603516e-02 6.813075393438339233e-03
4.081544280052185059e-02 7.015958428382873535e-03
3.991173207759857178e-02 7.612142711877822876e-03
4.179379343986511230e-02 6.813779473304748535e-03
4.254105687141418457e-02 6.621133536100387573e-03
4.377470910549163818e-02 5.948752164840698242e-03
4.353277385234832764e-02 6.188329309225082397e-03
4.523319005966186523e-02 5.862124264240264893e-03
4.405320435762405396e-02 6.499886512756347656e-03
4.837291687726974487e-02 4.828684031963348389e-03
4.969772696495056152e-02 4.394695162773132324e-03
4.652111232280731201e-02 5.611740052700042725e-03
4.615321010351181030e-02 5.700502544641494751e-03
4.850304126739501953e-02 4.577711224555969238e-03
4.967977106571197510e-02 3.866709768772125244e-03
4.972149431705474854e-02 3.855954855680465698e-03
4.938668012619018555e-02 3.789357841014862061e-03
4.945355653762817383e-02 4.102516919374465942e-03
4.672640562057495117e-02 5.415722727775573730e-03
4.602351784706115723e-02 5.834974348545074463e-03
4.738853871822357178e-02 5.417045205831527710e-03
4.519204795360565186e-02 6.752368062734603882e-03
4.384388029575347900e-02 7.278271019458770752e-03
4.130940884351730347e-02 8.461378514766693115e-03
4.198668897151947021e-02 8.114673197269439697e-03
3.690940141677856445e-02 1.022094488143920898e-02
3.002099692821502686e-02 1.346188783645629883e-02
3.104285150766372681e-02 1.300331950187683105e-02
3.369975835084915161e-02 1.181352511048316956e-02
2.746535837650299072e-02 1.444512605667114258e-02
2.733119577169418335e-02 1.480965688824653625e-02
2.660565078258514404e-02 1.516682282090187073e-02
2.341192960739135742e-02 1.703016832470893860e-02
1.992398500442504883e-02 1.874973252415657043e-02
2.019647508859634399e-02 1.817737147212028503e-02
3.569807112216949463e-02 1.077286899089813232e-02
4.421710222959518433e-02 6.709404289722442627e-03
4.165522754192352295e-02 7.684201002120971680e-03
4.182992130517959595e-02 7.537905126810073853e-03
4.334829002618789673e-02 7.308386266231536865e-03
4.580001533031463623e-02 6.071973592042922974e-03
4.358072578907012939e-02 6.923500448465347290e-03
4.277636110782623291e-02 7.229156792163848877e-03
4.339376837015151978e-02 7.163409143686294556e-03
4.129278659820556641e-02 8.369706571102142334e-03
4.565356671810150146e-02 6.499946117401123047e-03
4.106357693672180176e-02 8.374057710170745850e-03
4.183863103389739990e-02 8.101120591163635254e-03
4.145208001136779785e-02 8.149288594722747803e-03
4.081691801548004150e-02 8.151713758707046509e-03
3.929800540208816528e-02 8.987404406070709229e-03
3.854519128799438477e-02 9.360626339912414551e-03
3.892837464809417725e-02 8.711755275726318359e-03
3.923976421356201172e-02 8.563958108425140381e-03
4.102478176355361938e-02 7.889308035373687744e-03
4.169157147407531738e-02 7.444493472576141357e-03
4.028431326150894165e-02 8.101187646389007568e-03
4.190675914287567139e-02 7.478624582290649414e-03
4.090952873229980469e-02 7.915504276752471924e-03
4.084068536758422852e-02 7.886499166488647461e-03
4.562681168317794800e-02 6.001129746437072754e-03
4.459904879331588745e-02 6.611913442611694336e-03
4.018600285053253174e-02 8.488874882459640503e-03
4.314126074314117432e-02 6.693806499242782593e-03
4.416111856698989868e-02 6.067514419555664062e-03
4.122610390186309814e-02 6.992310285568237305e-03
4.218176007270812988e-02 6.702642887830734253e-03
4.115101695060729980e-02 7.118809968233108521e-03
4.174813628196716309e-02 7.024351507425308228e-03
3.899638354778289795e-02 8.404552936553955078e-03
3.646307438611984253e-02 9.372483938932418823e-03
3.678992390632629395e-02 9.327538311481475830e-03
3.560194373130798340e-02 9.542629122734069824e-03
3.050507605075836182e-02 1.171400770545005798e-02
2.979775518178939819e-02 1.196504384279251099e-02
3.090180456638336182e-02 1.152193546295166016e-02
2.879900485277175903e-02 1.239797845482826233e-02
2.876070886850357056e-02 1.221740990877151489e-02
3.056959807872772217e-02 1.164280623197555542e-02
2.898789942264556885e-02 1.281324028968811035e-02
2.727167308330535889e-02 1.368149742484092712e-02
3.005067259073257446e-02 1.281217113137245178e-02
3.230415284633636475e-02 1.197001710534095764e-02
3.401100635528564453e-02 1.116938889026641846e-02
3.220315277576446533e-02 1.138163357973098755e-02
3.185582160949707031e-02 1.178353279829025269e-02
3.056216239929199219e-02 1.252791285514831543e-02
3.415633738040924072e-02 1.079102605581283569e-02
3.583327680826187134e-02 9.944800287485122681e-03
3.464028239250183105e-02 1.090947538614273071e-02
3.711770474910736084e-02 9.704858064651489258e-03
3.532679378986358643e-02 1.053280010819435120e-02
3.652714192867279053e-02 9.880904108285903931e-03
3.477880358695983887e-02 1.065883785486221313e-02
3.490397334098815918e-02 1.058622449636459351e-02
3.576871007680892944e-02 1.014485955238342285e-02
3.784763813018798828e-02 9.122435003519058228e-03
3.706964850425720215e-02 9.561076760292053223e-03
3.834790736436843872e-02 8.909642696380615234e-03
3.871113061904907227e-02 8.500255644321441650e-03
3.806512057781219482e-02 9.115248918533325195e-03
3.819856792688369751e-02 8.920960128307342529e-03
3.743794560432434082e-02 9.324930608272552490e-03
3.745853900909423828e-02 9.677279740571975708e-03
3.651146590709686279e-02 9.933337569236755371e-03
3.960086405277252197e-02 8.641727268695831299e-03
3.814643621444702148e-02 9.494647383689880371e-03
3.993420302867889404e-02 8.776530623435974121e-03
3.639890998601913452e-02 1.024666428565979004e-02
3.687701374292373657e-02 1.013306900858879089e-02
3.846675157546997070e-02 9.274035692214965820e-03
3.810381144285202026e-02 9.225569665431976318e-03
3.841654956340789795e-02 9.032189846038818359e-03
3.857849538326263428e-02 9.189013391733169556e-03
4.037386178970336914e-02 8.467167615890502930e-03
4.077656567096710205e-02 8.396297693252563477e-03
3.692175447940826416e-02 1.014667004346847534e-02
3.433729708194732666e-02 1.130413264036178589e-02
3.272239863872528076e-02 1.202616095542907715e-02
3.592793643474578857e-02 1.045043766498565674e-02
3.553374856710433960e-02 1.023268327116966248e-02
3.189041465520858765e-02 1.182701438665390015e-02
3.600084781646728516e-02 9.565643966197967529e-03
3.966055810451507568e-02 8.121088147163391113e-03
3.834913671016693115e-02 8.977010846138000488e-03
3.620247542858123779e-02 1.019854843616485596e-02
3.759445250034332275e-02 9.641483426094055176e-03
4.262845963239669800e-02 7.228039205074310303e-03
4.352310299873352051e-02 7.020965218544006348e-03
4.451207816600799561e-02 6.326083093881607056e-03
4.453747719526290894e-02 6.359059363603591919e-03
4.518207907676696777e-02 5.918804556131362915e-03
4.365737736225128174e-02 6.891347467899322510e-03
4.568059742450714111e-02 6.300762295722961426e-03
4.680010676383972168e-02 5.619339644908905029e-03
4.819886386394500732e-02 5.261585116386413574e-03
4.592983424663543701e-02 6.008408963680267334e-03
4.977094382047653198e-02 4.328403621912002563e-03
4.956347495317459106e-02 4.472710192203521729e-03
4.756957292556762695e-02 5.503486841917037964e-03
5.022386461496353149e-02 4.719287157058715820e-03
4.779080301523208618e-02 5.577154457569122314e-03
4.428352415561676025e-02 7.229570299386978149e-03
4.246725887060165405e-02 8.152194321155548096e-03
4.253377020359039307e-02 7.930085062980651855e-03
4.514614492654800415e-02 7.139887660741806030e-03
4.558968544006347656e-02 6.567865610122680664e-03
4.692211747169494629e-02 6.086595356464385986e-03
4.987826198339462280e-02 4.378713667392730713e-03
4.922083765268325806e-02 4.524987190961837769e-03
5.611044168472290039e-02 1.287505030632019043e-03
5.508175492286682129e-02 1.472108066082000732e-03
5.419590324163436890e-02 1.785453408956527710e-03
5.270880460739135742e-02 2.100903540849685669e-03
5.456407368183135986e-02 1.280959695577621460e-03
5.726222693920135498e-02 -1.294165849685668945e-05
5.698826909065246582e-02 1.950785517692565918e-04
5.832427740097045898e-02 -8.369758725166320801e-04
5.976194143295288086e-02 -1.368638128042221069e-03
5.550506711006164551e-02 7.005706429481506348e-04
5.578254908323287964e-02 7.235258817672729492e-04
5.514112114906311035e-02 9.580701589584350586e-04
5.339978635311126709e-02 2.210557460784912109e-03
5.399148166179656982e-02 1.854598522186279297e-03
5.152214318513870239e-02 2.558417618274688721e-03
5.718174576759338379e-02 -7.732212543487548828e-05
5.218453705310821533e-02 2.277128398418426514e-03
4.952450096607208252e-02 3.622330725193023682e-03
4.635511338710784912e-02 4.616271704435348511e-03
4.356684535741806030e-02 6.004069000482559204e-03
4.768024384975433350e-02 4.648685455322265625e-03
4.424180090427398682e-02 6.048187613487243652e-03
3.852183371782302856e-02 8.182495832443237305e-03
3.463625907897949219e-02 1.036583632230758667e-02
3.385396301746368408e-02 1.071828603744506836e-02
3.214256465435028076e-02 1.152534782886505127e-02
3.116372972726821899e-02 1.222540065646171570e-02
2.623786777257919312e-02 1.471357047557830811e-02
3.180481493473052979e-02 1.221072673797607422e-02
2.922540903091430664e-02 1.315281167626380920e-02
3.563512861728668213e-02 1.022176444530487061e-02
3.303763270378112793e-02 1.164562255144119263e-02
2.789758145809173584e-02 1.401950791478157043e-02
2.825163304805755615e-02 1.399316638708114624e-02
3.509813547134399414e-02 1.088079437613487244e-02
4.754434525966644287e-02 4.623431712388992310e-03
4.585984349250793457e-02 5.551457405090332031e-03
4.757168889045715332e-02 4.794344305992126465e-03
4.554672539234161377e-02 5.902193486690521240e-03
4.580844938755035400e-02 5.803056061267852783e-03
4.582978785037994385e-02 5.767203867435455322e-03
4.512184858322143555e-02 6.448037922382354736e-03
4.305482655763626099e-02 7.075786590576171875e-03
4.427779465913772583e-02 6.745025515556335449e-03
4.300997406244277954e-02 7.342211902141571045e-03
4.609671235084533691e-02 5.678683519363403320e-03
4.674252867698669434e-02 5.556032061576843262e-03
4.178329557180404663e-02 7.942065596580505371e-03
3.860339522361755371e-02 9.378597140312194824e-03
3.689292818307876587e-02 1.014997065067291260e-02
3.621219098567962646e-02 1.032626628875732422e-02
3.101964294910430908e-02 1.274845004081726074e-02
2.832567691802978516e-02 1.365586370229721069e-02
2.532319724559783936e-02 1.536585763096809387e-02
2.468744665384292603e-02 1.562515273690223694e-02
2.347220480442047119e-02 1.641221344470977783e-02
3.450304269790649414e-02 1.100794970989227295e-02
4.588063061237335205e-02 5.171481519937515259e-03
4.403215646743774414e-02 5.795247852802276611e-03
4.275330901145935059e-02 6.382394582033157349e-03
4.798185825347900391e-02 3.904648125171661377e-03
4.563853889703750610e-02 5.105733871459960938e-03
4.898805916309356689e-02 3.563567996025085449e-03
5.179409682750701904e-02 2.226084470748901367e-03
4.931314289569854736e-02 3.456372767686843872e-03
4.981559514999389648e-02 2.899780869483947754e-03
5.152760446071624756e-02 2.093218266963958740e-03
5.155745893716812134e-02 2.003390341997146606e-03
5.340429395437240601e-02 1.589938998222351074e-03
5.326651036739349365e-02 1.383729279041290283e-03
5.247937142848968506e-02 1.601435244083404541e-03
5.221394449472427368e-02 1.929696649312973022e-03
5.671983957290649414e-02 1.997873187065124512e-05
5.671021342277526855e-02 2.796947956085205078e-05
5.314990878105163574e-02 1.680307090282440186e-03
5.593886971473693848e-02 4.383027553558349609e-04
5.197997391223907471e-02 2.452556043863296509e-03
5.573033541440963745e-02 4.787743091583251953e-04
5.374552309513092041e-02 1.471221446990966797e-03
5.509397387504577637e-02 1.300871372222900391e-03
5.351917445659637451e-02 2.273440361022949219e-03
5.307236313819885254e-02 2.399910241365432739e-03
5.239928513765335083e-02 2.622671425342559814e-03
4.983279109001159668e-02 3.541089594364166260e-03
4.722569882869720459e-02 4.706382751464843750e-03
4.985334724187850952e-02 3.479622304439544678e-03
4.943046718835830688e-02 3.647837787866592407e-03
4.647598415613174438e-02 5.085811018943786621e-03
4.467532783746719360e-02 6.624996662139892578e-03
4.522939771413803101e-02 6.416633725166320801e-03
5.247502028942108154e-02 3.184907138347625732e-03
4.839628934860229492e-02 5.039300769567489624e-03
4.678697884082794189e-02 5.351155996322631836e-03
4.907143115997314453e-02 4.336021840572357178e-03
5.004313588142395020e-02 3.894388675689697266e-03
4.883825778961181641e-02 4.161626100540161133e-03
4.761798679828643799e-02 4.720337688922882080e-03
4.381002485752105713e-02 6.314955651760101318e-03
4.295213520526885986e-02 6.873860955238342285e-03
4.028972238302230835e-02 8.142493665218353271e-03
4.069407284259796143e-02 8.164726197719573975e-03
3.756032884120941162e-02 9.746883064508438110e-03
4.128667712211608887e-02 7.971979677677154541e-03
4.304677993059158325e-02 7.438495755195617676e-03
4.310771822929382324e-02 7.525961846113204956e-03
3.976736962795257568e-02 9.340625256299972534e-03
4.310214519500732422e-02 7.623001933097839355e-03
3.891979902982711792e-02 9.417615830898284912e-03
3.844523429870605469e-02 9.168609976768493652e-03
4.096193611621856689e-02 7.851153612136840820e-03
4.259206354618072510e-02 7.295254617929458618e-03
3.908121585845947266e-02 8.934356272220611572e-03
3.501601517200469971e-02 1.025646924972534180e-02
3.650408238172531128e-02 9.458541870117187500e-03
3.777121007442474365e-02 8.809242397546768188e-03
3.710640966892242432e-02 9.067934006452560425e-03
3.421323001384735107e-02 1.054614037275314331e-02
3.027264028787612915e-02 1.208411157131195068e-02
2.747865021228790283e-02 1.307974383234977722e-02
2.590840309858322144e-02 1.385323330760002136e-02
2.684965729713439941e-02 1.372963935136795044e-02
2.365449070930480957e-02 1.507862657308578491e-02
2.209014445543289185e-02 1.576549559831619263e-02
2.213069051504135132e-02 1.567489653825759888e-02
2.181261777877807617e-02 1.571756601333618164e-02
2.240332216024398804e-02 1.571132987737655640e-02
2.000227570533752441e-02 1.676560938358306885e-02
2.444915473461151123e-02 1.471532136201858521e-02
2.858852595090866089e-02 1.286816224455833435e-02
2.727250754833221436e-02 1.366327702999114990e-02
2.783674746751785278e-02 1.355940103530883789e-02
2.720042318105697632e-02 1.376225054264068604e-02
2.670289576053619385e-02 1.400932297110557556e-02
3.206774592399597168e-02 1.147403568029403687e-02
3.655007481575012207e-02 9.451698511838912964e-03
3.723692148923873901e-02 9.438019245862960815e-03
3.014501184225082397e-02 1.240234822034835815e-02
3.001917898654937744e-02 1.267797127366065979e-02
2.978608757257461548e-02 1.253203302621841431e-02
2.834017574787139893e-02 1.280786097049713135e-02
2.653971314430236816e-02 1.353872939944267273e-02
2.761970460414886475e-02 1.315641775727272034e-02
2.590231597423553467e-02 1.390899717807769775e-02
2.190841734409332275e-02 1.621105521917343140e-02
2.554728090763092041e-02 1.440902054309844971e-02
2.622637897729873657e-02 1.403579115867614746e-02
3.162216395139694214e-02 1.146073266863822937e-02
4.080419987440109253e-02 7.493749260902404785e-03
3.775751590728759766e-02 8.508417755365371704e-03
4.444268345832824707e-02 5.325093865394592285e-03
4.391670227050781250e-02 5.444772541522979736e-03
4.383341968059539795e-02 5.735315382480621338e-03
4.339443892240524292e-02 5.532003939151763916e-03
4.150853306055068970e-02 6.251215934753417969e-03
4.115502536296844482e-02 6.491526961326599121e-03
4.255647957324981689e-02 5.819916725158691406e-03
4.577183723449707031e-02 4.439637064933776855e-03
4.151149094104766846e-02 6.559856235980987549e-03
4.372638463973999023e-02 5.104072391986846924e-03
4.310271143913269043e-02 5.350321531295776367e-03
4.600171744823455811e-02 4.127033054828643799e-03
4.385392367839813232e-02 5.460835993289947510e-03
4.186299443244934082e-02 6.363004446029663086e-03
4.116734862327575684e-02 6.766531616449356079e-03
4.319140315055847168e-02 6.556265056133270264e-03
