6.678223609924316406e-03 2.257683500647544861e-02
5.356945097446441650e-03 2.320569381117820740e-02
5.822464823722839355e-03 2.301649004220962524e-02
5.060434341430664062e-03 2.341134846210479736e-02
4.717327654361724854e-03 2.354291081428527832e-02
3.706693649291992188e-03 2.409127727150917053e-02
3.625124692916870117e-03 2.407667413353919983e-02
4.282213747501373291e-03 2.386063337326049805e-02
3.768466413021087646e-03 2.403856441378593445e-02
2.719961106777191162e-03 2.462194114923477173e-02
2.456262707710266113e-03 2.448628097772598267e-02
3.383561968803405762e-03 2.412050217390060425e-02
3.582678735256195068e-03 2.404321730136871338e-02
2.943202853202819824e-03 2.436776086688041687e-02
3.733307123184204102e-03 2.404847741127014160e-02
3.040522336959838867e-03 2.437392622232437134e-02
3.507807850837707520e-03 2.417409792542457581e-02
3.662101924419403076e-03 2.399410307407379150e-02
5.725115537643432617e-03 2.308476716279983521e-02
5.725666880607604980e-03 2.313794940710067749e-02
6.468966603279113770e-03 2.281413599848747253e-02
6.866320967674255371e-03 2.260065078735351562e-02
7.411874830722808838e-03 2.228890359401702881e-02
6.597392261028289795e-03 2.271636947989463806e-02
6.232179701328277588e-03 2.287319302558898926e-02
6.580725312232971191e-03 2.284648269414901733e-02
7.213875651359558105e-03 2.258428186178207397e-02
6.885215640068054199e-03 2.286778017878532410e-02
6.923787295818328857e-03 2.278800308704376221e-02
6.680153310298919678e-03 2.279046177864074707e-02
7.590554654598236084e-03 2.236826345324516296e-02
7.473267614841461182e-03 2.253187075257301331e-02
7.543832063674926758e-03 2.242479100823402405e-02
6.571926176548004150e-03 2.286254614591598511e-02
5.423173308372497559e-03 2.338518947362899780e-02
4.862338304519653320e-03 2.365462854504585266e-02
4.182212054729461670e-03 2.397733926773071289e-02
4.788532853126525879e-03 2.387044951319694519e-02
5.379959940910339355e-03 2.355462685227394104e-02
5.311302840709686279e-03 2.366130799055099487e-02
4.824578762054443359e-03 2.385444194078445435e-02
4.522785544395446777e-03 2.390517666935920715e-02
3.431826829910278320e-03 2.445574477314949036e-02
3.881916403770446777e-03 2.418585866689682007e-02
5.051553249359130859e-03 2.372264862060546875e-02
5.972422659397125244e-03 2.328164130449295044e-02
4.898540675640106201e-03 2.374559640884399414e-02
4.612281918525695801e-03 2.387215197086334229e-02
3.383308649063110352e-03 2.449560537934303284e-02
4.177093505859375000e-03 2.405785396695137024e-02
4.332840442657470703e-03 2.391374483704566956e-02
4.152938723564147949e-03 2.387370541691780090e-02
4.203096032142639160e-03 2.376824244856834412e-02
5.267694592475891113e-03 2.342437952756881714e-02
5.635768175125122070e-03 2.321909740567207336e-02
7.401771843433380127e-03 2.259927988052368164e-02
9.155616164207458496e-03 2.197929471731185913e-02
9.055256843566894531e-03 2.197387441992759705e-02
7.124029099941253662e-03 2.287114411592483521e-02
6.461121141910552979e-03 2.342797815799713135e-02
6.997980177402496338e-03 2.305994927883148193e-02
6.076551973819732666e-03 2.338466048240661621e-02
5.015574395656585693e-03 2.399005740880966187e-02
6.847940385341644287e-03 2.305633947253227234e-02
6.600603461265563965e-03 2.309427782893180847e-02
6.341934204101562500e-03 2.312061190605163574e-02
7.343083620071411133e-03 2.261273190379142761e-02
1.045028120279312134e-02 2.124627679586410522e-02
1.153546571731567383e-02 2.083713188767433167e-02
1.068301498889923096e-02 2.114261686801910400e-02
9.982734918594360352e-03 2.139682322740554810e-02
1.155404746532440186e-02 2.068300172686576843e-02
1.181804388761520386e-02 2.065524458885192871e-02
1.059974730014801025e-02 2.101736515760421753e-02
8.538164198398590088e-03 2.185449004173278809e-02
8.676975965499877930e-03 2.215017378330230713e-02
6.806090474128723145e-03 2.304014563560485840e-02
5.923680961132049561e-03 2.337818220257759094e-02
8.490525186061859131e-03 2.235941588878631592e-02
7.939875125885009766e-03 2.243112027645111084e-02
8.352890610694885254e-03 2.227440103888511658e-02
6.670564413070678711e-03 2.309685945510864258e-02
8.467972278594970703e-03 2.245922759175300598e-02
7.854007184505462646e-03 2.229280024766921997e-02
6.309144198894500732e-03 2.306126058101654053e-02
6.025485694408416748e-03 2.321724966168403625e-02
7.040314376354217529e-03 2.267926931381225586e-02
4.839502274990081787e-03 2.356246113777160645e-02
7.975995540618896484e-03 2.212603762745857239e-02
1.020488142967224121e-02 2.113218605518341064e-02
9.359806776046752930e-03 2.157812565565109253e-02
9.027503430843353271e-03 2.176428213715553284e-02
9.771019220352172852e-03 2.144275978207588196e-02
8.276902139186859131e-03 2.195829525589942932e-02
5.352512001991271973e-03 2.322817593812942505e-02
6.352245807647705078e-03 2.285530790686607361e-02
6.741970777511596680e-03 2.266263216733932495e-02
6.501823663711547852e-03 2.277278900146484375e-02
7.070429623126983643e-03 2.252502739429473877e-02
6.638474762439727783e-03 2.255244925618171692e-02
5.333609879016876221e-03 2.320259064435958862e-02
6.288126111030578613e-03 2.281935513019561768e-02
6.803728640079498291e-03 2.262330055236816406e-02
6.486162543296813965e-03 2.276536077260971069e-02
6.807893514633178711e-03 2.263944223523139954e-02
5.702741444110870361e-03 2.320562303066253662e-02
6.149873137474060059e-03 2.297505363821983337e-02
6.817318499088287354e-03 2.266203612089157104e-02
8.275792002677917480e-03 2.197164297103881836e-02
7.721491158008575439e-03 2.218071371316909790e-02
7.062055170536041260e-03 2.254761755466461182e-02
7.453218102455139160e-03 2.242609113454818726e-02
7.802128791809082031e-03 2.206559479236602783e-02
7.277570664882659912e-03 2.243386209011077881e-02
6.411314010620117188e-03 2.292211353778839111e-02
7.235407829284667969e-03 2.247023954987525940e-02
7.525429129600524902e-03 2.226481214165687561e-02
7.520139217376708984e-03 2.225339785218238831e-02
6.939738988876342773e-03 2.250017225742340088e-02
5.610562860965728760e-03 2.308841422200202942e-02
5.872040987014770508e-03 2.299588546156883240e-02
7.902324199676513672e-03 2.202848717570304871e-02
9.296327829360961914e-03 2.145697921514511108e-02
8.433684706687927246e-03 2.175919339060783386e-02
7.529497146606445312e-03 2.217679470777511597e-02
6.049193441867828369e-03 2.283367887139320374e-02
6.989471614360809326e-03 2.244296669960021973e-02
6.733879446983337402e-03 2.262580022215843201e-02
7.524803280830383301e-03 2.217257022857666016e-02
6.110347807407379150e-03 2.279770746827125549e-02
7.060959935188293457e-03 2.246795222163200378e-02
6.642781198024749756e-03 2.272813767194747925e-02
7.651753723621368408e-03 2.221010625362396240e-02
7.878184318542480469e-03 2.201324328780174255e-02
9.330108761787414551e-03 2.136808261275291443e-02
9.864352643489837646e-03 2.110411971807479858e-02
7.166594266891479492e-03 2.243138104677200317e-02
8.998744189739227295e-03 2.166149020195007324e-02
8.346922695636749268e-03 2.204393222928047180e-02
7.976599037647247314e-03 2.217101678252220154e-02
9.734213352203369141e-03 2.132372558116912842e-02
1.067021489143371582e-02 2.081065997481346130e-02
9.856738150119781494e-03 2.121531218290328979e-02
9.722173213958740234e-03 2.134661376476287842e-02
1.094580441713333130e-02 2.098801359534263611e-02
9.314902126789093018e-03 2.159116417169570923e-02
1.050075888633728027e-02 2.123260498046875000e-02
9.482890367507934570e-03 2.177017182111740112e-02
7.826678454875946045e-03 2.246606349945068359e-02
7.771439850330352783e-03 2.233662456274032593e-02
6.605729460716247559e-03 2.271490171551704407e-02
8.086740970611572266e-03 2.190169319510459900e-02
8.199609816074371338e-03 2.174690738320350647e-02
9.919270873069763184e-03 2.105786278843879700e-02
7.811389863491058350e-03 2.195551618933677673e-02
8.172847330570220947e-03 2.174567803740501404e-02
8.758977055549621582e-03 2.147455886006355286e-02
8.954711258411407471e-03 2.147723361849784851e-02
1.017881929874420166e-02 2.101657539606094360e-02
1.028031110763549805e-02 2.099583297967910767e-02
1.103110611438751221e-02 2.052100002765655518e-02
1.132465153932571411e-02 2.047234028577804565e-02
1.105841994285583496e-02 2.065970376133918762e-02
1.004979014396667480e-02 2.111952006816864014e-02
1.132364571094512939e-02 2.065860852599143982e-02
1.110861450433731079e-02 2.072064206004142761e-02
1.037871837615966797e-02 2.107638865709304810e-02
8.769802749156951904e-03 2.170614525675773621e-02
1.034869253635406494e-02 2.103345841169357300e-02
9.838342666625976562e-03 2.120364084839820862e-02
9.013429284095764160e-03 2.161031961441040039e-02
1.069742441177368164e-02 2.087218686938285828e-02
1.130699366331100464e-02 2.064232900738716125e-02
1.033112406730651855e-02 2.106673642992973328e-02
1.080411672592163086e-02 2.090334147214889526e-02
1.213345676660537720e-02 2.010636776685714722e-02
1.105391979217529297e-02 2.078678831458091736e-02
1.039604097604751587e-02 2.117835730314254761e-02
9.027153253555297852e-03 2.188016846776008606e-02
7.266379892826080322e-03 2.245683595538139343e-02
8.624807000160217285e-03 2.190539240837097168e-02
7.206253707408905029e-03 2.251892909407615662e-02
6.491616368293762207e-03 2.290281280875205994e-02
5.700856447219848633e-03 2.322333678603172302e-02
5.919478833675384521e-03 2.331018447875976562e-02
6.666347384452819824e-03 2.289905399084091187e-02
6.312824785709381104e-03 2.319504693150520325e-02
7.369868457317352295e-03 2.258194610476493835e-02
6.419397890567779541e-03 2.274119108915328979e-02
4.344187676906585693e-03 2.355786785483360291e-02
7.093355059623718262e-03 2.245937287807464600e-02
6.389603018760681152e-03 2.285573258996009827e-02
7.584042847156524658e-03 2.217262238264083862e-02
8.745223283767700195e-03 2.168220281600952148e-02
8.372128009796142578e-03 2.181609347462654114e-02
7.069095969200134277e-03 2.244716882705688477e-02
6.467074155807495117e-03 2.279525622725486755e-02
8.222810924053192139e-03 2.198704704642295837e-02
7.201567292213439941e-03 2.239066734910011292e-02
9.995900094509124756e-03 2.122457697987556458e-02
1.026356965303421021e-02 2.136078476905822754e-02
8.603788912296295166e-03 2.194923907518386841e-02
9.859569370746612549e-03 2.113922685384750366e-02
1.097790896892547607e-02 2.065551280975341797e-02
1.033521443605422974e-02 2.092846855521202087e-02
1.103624701499938965e-02 2.059263736009597778e-02
7.406435906887054443e-03 2.245263010263442993e-02
1.103496551513671875e-02 2.067396789789199829e-02
8.605256676673889160e-03 2.187586948275566101e-02
9.625241160392761230e-03 2.152962610125541687e-02
9.704023599624633789e-03 2.117666229605674744e-02
7.016427814960479736e-03 2.245878055691719055e-02
7.585346698760986328e-03 2.228707820177078247e-02
7.607638835906982422e-03 2.224070578813552856e-02
7.543668150901794434e-03 2.230922132730484009e-02
8.443497121334075928e-03 2.191922068595886230e-02
9.054049849510192871e-03 2.152509987354278564e-02
7.777139544486999512e-03 2.210726588964462280e-02
5.482077598571777344e-03 2.316458895802497864e-02
5.302086472511291504e-03 2.334548532962799072e-02
4.562422633171081543e-03 2.356233075261116028e-02
4.513151943683624268e-03 2.369193732738494873e-02
3.670796751976013184e-03 2.390946447849273682e-02
3.315575420856475830e-03 2.417905628681182861e-02
6.401181221008300781e-03 2.281770855188369751e-02
4.999220371246337891e-03 2.350165322422981262e-02
2.896256744861602783e-03 2.432081848382949829e-02
2.960711717605590820e-03 2.408006042242050171e-02
5.131803452968597412e-03 2.312751114368438721e-02
5.504265427589416504e-03 2.305888757109642029e-02
6.118997931480407715e-03 2.295073121786117554e-02
6.495058536529541016e-03 2.259376645088195801e-02
7.546283304691314697e-03 2.216237038373947144e-02
6.366983056068420410e-03 2.254868298768997192e-02
7.676385343074798584e-03 2.197041362524032593e-02
7.141053676605224609e-03 2.239799872040748596e-02
6.450392305850982666e-03 2.282109111547470093e-02
5.744054913520812988e-03 2.325389906764030457e-02
6.274744868278503418e-03 2.281121537089347839e-02
6.038486957550048828e-03 2.294387668371200562e-02
7.157117128372192383e-03 2.243253216147422791e-02
6.669029593467712402e-03 2.273767814040184021e-02
6.609357893466949463e-03 2.296955138444900513e-02
8.621700108051300049e-03 2.196400612592697144e-02
5.538612604141235352e-03 2.344442158937454224e-02
5.761645734310150146e-03 2.341640368103981018e-02
5.640320479869842529e-03 2.350974828004837036e-02
3.288179636001586914e-03 2.465503662824630737e-02
4.303760826587677002e-03 2.401072159409523010e-02
3.782033920288085938e-03 2.404562011361122131e-02
2.386227250099182129e-03 2.468644082546234131e-02
1.720644533634185791e-03 2.502945810556411743e-02
1.190006732940673828e-03 2.531933039426803589e-02
-8.376240730285644531e-04 2.624412253499031067e-02
-7.664114236831665039e-04 2.609732374548912048e-02
-8.684322237968444824e-04 2.613698318600654602e-02
-2.583742141723632812e-03 2.693355083465576172e-02
-2.120226621627807617e-03 2.679346874356269836e-02
1.105643808841705322e-03 2.543783187866210938e-02
2.206683158874511719e-03 2.494805678725242615e-02
2.879515290260314941e-03 2.478742599487304688e-02
4.254825413227081299e-03 2.421080693602561951e-02
5.365759134292602539e-03 2.363467216491699219e-02
5.559116601943969727e-03 2.351466566324234009e-02
5.249224603176116943e-03 2.359510958194732666e-02
7.185615599155426025e-03 2.275788784027099609e-02
7.252082228660583496e-03 2.268272638320922852e-02
6.760224699974060059e-03 2.270886301994323730e-02
5.679085850715637207e-03 2.325506135821342468e-02
6.153017282485961914e-03 2.301140874624252319e-02
6.991177797317504883e-03 2.262368798255920410e-02
6.747543811798095703e-03 2.268568798899650574e-02
6.173655390739440918e-03 2.283863350749015808e-02
6.977453827857971191e-03 2.270399779081344604e-02
9.394586086273193359e-03 2.158733084797859192e-02
8.754029870033264160e-03 2.200806140899658203e-02
7.557094097137451172e-03 2.249313890933990479e-02
6.655544042587280273e-03 2.285183593630790710e-02
6.123706698417663574e-03 2.311591804027557373e-02
7.071599364280700684e-03 2.289212867617607117e-02
6.517894566059112549e-03 2.312638238072395325e-02
7.565066218376159668e-03 2.253020554780960083e-02
8.076734840869903564e-03 2.238531410694122314e-02
8.198752999305725098e-03 2.244067937135696411e-02
1.009394973516464233e-02 2.149190008640289307e-02
8.762054145336151123e-03 2.206667885184288025e-02
9.408123791217803955e-03 2.175755053758621216e-02
1.057846844196319580e-02 2.111767232418060303e-02
1.137192547321319580e-02 2.075592428445816040e-02
1.148327440023422241e-02 2.075497061014175415e-02
1.140893995761871338e-02 2.087276428937911987e-02
1.135013997554779053e-02 2.096860855817794800e-02
1.275210082530975342e-02 2.026780322194099426e-02
1.252153515815734863e-02 2.038539201021194458e-02
1.146943867206573486e-02 2.067811042070388794e-02
1.132152974605560303e-02 2.062547206878662109e-02
1.012990623712539673e-02 2.136036008596420288e-02
9.991519153118133545e-03 2.141422778367996216e-02
1.113407313823699951e-02 2.076240628957748413e-02
1.209251582622528076e-02 2.032149955630302429e-02
1.163193583488464355e-02 2.069931849837303162e-02
1.021815836429595947e-02 2.139697596430778503e-02
1.116733253002166748e-02 2.102819085121154785e-02
1.055154949426651001e-02 2.138778194785118103e-02
1.076325774192810059e-02 2.121820300817489624e-02
9.551748633384704590e-03 2.163129299879074097e-02
1.070831716060638428e-02 2.122913300991058350e-02
9.141460061073303223e-03 2.184833958745002747e-02
1.087572425603866577e-02 2.109912410378456116e-02
8.415617048740386963e-03 2.224188297986984253e-02
8.535437285900115967e-03 2.203735336661338806e-02
8.402124047279357910e-03 2.205444499850273132e-02
8.852079510688781738e-03 2.179229259490966797e-02
9.775169193744659424e-03 2.138217911124229431e-02
8.705437183380126953e-03 2.174796909093856812e-02
7.699914276599884033e-03 2.215106785297393799e-02
9.684294462203979492e-03 2.115225419402122498e-02
8.907072246074676514e-03 2.159109711647033691e-02
9.029105305671691895e-03 2.114718407392501831e-02
8.008055388927459717e-03 2.168022468686103821e-02
8.869193494319915771e-03 2.140486985445022583e-02
8.973084390163421631e-03 2.141484618186950684e-02
1.022912561893463135e-02 2.093859761953353882e-02
8.847847580909729004e-03 2.161036431789398193e-02
1.057605445384979248e-02 2.089345827698707581e-02
9.849980473518371582e-03 2.137996256351470947e-02
1.022454351186752319e-02 2.124819532036781311e-02
1.000818610191345215e-02 2.121182158589363098e-02
9.054616093635559082e-03 2.173554897308349609e-02
9.578026831150054932e-03 2.147396653890609741e-02
1.004254817962646484e-02 2.121216803789138794e-02
9.327843785285949707e-03 2.157068625092506409e-02
1.043888926506042480e-02 2.099016681313514709e-02
9.606935083866119385e-03 2.150348946452140808e-02
9.742856025695800781e-03 2.127849310636520386e-02
8.840478956699371338e-03 2.164126560091972351e-02
9.796172380447387695e-03 2.117568999528884888e-02
8.254632353782653809e-03 2.201995253562927246e-02
7.653854787349700928e-03 2.229418978095054626e-02
7.466450333595275879e-03 2.252201735973358154e-02
9.663313627243041992e-03 2.152018994092941284e-02
1.035936176776885986e-02 2.112320810556411743e-02
1.115976274013519287e-02 2.081573009490966797e-02
1.083415746688842773e-02 2.088766545057296753e-02
1.283909380435943604e-02 1.992556825280189514e-02
1.066827774047851562e-02 2.098098024725914001e-02
9.580254554748535156e-03 2.144985646009445190e-02
8.737519383430480957e-03 2.201355621218681335e-02
1.002267748117446899e-02 2.148317173123359680e-02
1.198399811983108521e-02 2.050735801458358765e-02
9.845599532127380371e-03 2.146381884813308716e-02
1.002478599548339844e-02 2.135372906923294067e-02
1.059243083000183105e-02 2.104548364877700806e-02
1.082491874694824219e-02 2.089798822999000549e-02
9.281374514102935791e-03 2.174238488078117371e-02
8.711859583854675293e-03 2.201037108898162842e-02
9.442344307899475098e-03 2.174319699406623840e-02
8.613862097263336182e-03 2.186601236462593079e-02
8.283972740173339844e-03 2.206989005208015442e-02
8.381590247154235840e-03 2.219597250223159790e-02
9.093284606933593750e-03 2.173600345849990845e-02
7.963374257087707520e-03 2.238982915878295898e-02
8.216828107833862305e-03 2.250794693827629089e-02
9.752705693244934082e-03 2.181978523731231689e-02
1.225626468658447266e-02 2.056716009974479675e-02
1.033812761306762695e-02 2.153113111853599548e-02
1.026968657970428467e-02 2.148846909403800964e-02
9.514622390270233154e-03 2.177729085087776184e-02
1.086524128913879395e-02 2.118563652038574219e-02
1.194945722818374634e-02 2.068211138248443604e-02
9.837433695793151855e-03 2.150985226035118103e-02
9.109847247600555420e-03 2.187347039580345154e-02
7.313966751098632812e-03 2.258061617612838745e-02
7.916212081909179688e-03 2.228211984038352966e-02
7.380135357379913330e-03 2.237271144986152649e-02
8.539862930774688721e-03 2.198674902319908142e-02
8.830152451992034912e-03 2.183900400996208191e-02
9.441189467906951904e-03 2.156160026788711548e-02
1.106764376163482666e-02 2.079391852021217346e-02
1.163148880004882812e-02 2.055551856756210327e-02
1.161025464534759521e-02 2.060212567448616028e-02
1.115693151950836182e-02 2.074250951409339905e-02
1.276583224534988403e-02 1.999441534280776978e-02
1.058746874332427979e-02 2.103681489825248718e-02
9.523123502731323242e-03 2.145820483565330505e-02
1.028371602296829224e-02 2.126605063676834106e-02
9.553700685501098633e-03 2.154685184359550476e-02
9.159050881862640381e-03 2.169216424226760864e-02
8.926868438720703125e-03 2.184484153985977173e-02
8.193135261535644531e-03 2.221800386905670166e-02
9.197257459163665771e-03 2.181525900959968567e-02
9.886175394058227539e-03 2.143986895680427551e-02
8.015260100364685059e-03 2.229939401149749756e-02
9.948149323463439941e-03 2.146336436271667480e-02
9.538970887660980225e-03 2.163268625736236572e-02
9.461037814617156982e-03 2.157225087285041809e-02
8.821010589599609375e-03 2.190627902746200562e-02
9.432695806026458740e-03 2.165629342198371887e-02
8.790902793407440186e-03 2.204972505569458008e-02
7.973149418830871582e-03 2.255035191774368286e-02
8.377030491828918457e-03 2.238451689481735229e-02
1.080303639173507690e-02 2.114366739988327026e-02
1.005543023347854614e-02 2.164160832762718201e-02
1.005440950393676758e-02 2.166896685957908630e-02
7.298938930034637451e-03 2.253272384405136108e-02
7.500529289245605469e-03 2.263102680444717407e-02
8.329026401042938232e-03 2.217267826199531555e-02
8.808523416519165039e-03 2.191726863384246826e-02
9.096905589103698730e-03 2.171792462468147278e-02
7.142648100852966309e-03 2.272365242242813110e-02
7.829405367374420166e-03 2.239742130041122437e-02
6.945490837097167969e-03 2.260710671544075012e-02
7.379740476608276367e-03 2.261043339967727661e-02
6.424397230148315430e-03 2.316186577081680298e-02
7.936738431453704834e-03 2.250055968761444092e-02
8.985370397567749023e-03 2.221505343914031982e-02
7.990404963493347168e-03 2.284524589776992798e-02
7.722318172454833984e-03 2.310212701559066772e-02
6.123915314674377441e-03 2.371522411704063416e-02
4.872910678386688232e-03 2.430297434329986572e-02
5.102165043354034424e-03 2.434455975890159607e-02
6.986938416957855225e-03 2.339542284607887268e-02
8.442230522632598877e-03 2.261325716972351074e-02
7.284052670001983643e-03 2.310198172926902771e-02
6.582409143447875977e-03 2.330651134252548218e-02
8.997127413749694824e-03 2.215262502431869507e-02
7.488027215003967285e-03 2.274518832564353943e-02
5.401521921157836914e-03 2.370760589838027954e-02
5.418799817562103271e-03 2.374012023210525513e-02
5.227282643318176270e-03 2.370088174939155579e-02
3.285489976406097412e-03 2.471554279327392578e-02
2.679742872714996338e-03 2.495487779378890991e-02
1.576982438564300537e-03 2.570471540093421936e-02
4.538491368293762207e-03 2.438601851463317871e-02
5.656599998474121094e-03 2.375683560967445374e-02
3.534562885761260986e-03 2.482622861862182617e-02
3.537096083164215088e-03 2.461562678217887878e-02
1.464977860450744629e-03 2.557158470153808594e-02
4.753768444061279297e-04 2.605582773685455322e-02
3.550931811332702637e-03 2.461607381701469421e-02
3.284186124801635742e-03 2.466680854558944702e-02
2.214267849922180176e-03 2.533238008618354797e-02
1.149483025074005127e-03 2.592893317341804504e-02
9.485781192779541016e-04 2.615852653980255127e-02
1.070559024810791016e-03 2.603319287300109863e-02
-1.730546355247497559e-04 2.648692205548286438e-02
2.725869417190551758e-04 2.627680450677871704e-02
8.449852466583251953e-04 2.602499723434448242e-02
2.713486552238464355e-03 2.524196729063987732e-02
-1.359671354293823242e-03 2.693817019462585449e-02
-1.871541142463684082e-03 2.714478597044944763e-02
-1.420110464096069336e-03 2.675860002636909485e-02
-2.429477870464324951e-03 2.712584286928176880e-02
-2.678722143173217773e-03 2.717298641800880432e-02
-3.265306353569030762e-03 2.751830592751502991e-02
-3.622375428676605225e-03 2.769271284341812134e-02
-2.997048199176788330e-03 2.722446992993354797e-02
-3.708064556121826172e-03 2.758553065359592438e-02
-4.391618072986602783e-03 2.795793116092681885e-02
-4.381053149700164795e-03 2.804451063275337219e-02
-5.890361964702606201e-03 2.877253666520118713e-02
-5.208715796470642090e-03 2.837229147553443909e-02
-5.861252546310424805e-03 2.855416014790534973e-02
-4.176147282123565674e-03 2.780469506978988647e-02
-3.698602318763732910e-03 2.770645730197429657e-02
-1.942947506904602051e-03 2.686918154358863831e-02
-3.050819039344787598e-03 2.736825868487358093e-02
-4.537053406238555908e-03 2.800528332591056824e-02
-2.336747944355010986e-03 2.696559205651283264e-02
-2.318538725376129150e-03 2.695308625698089600e-02
-2.010419964790344238e-03 2.676217257976531982e-02
-3.343038260936737061e-03 2.731630951166152954e-02
-3.074631094932556152e-03 2.716103941202163696e-02
-2.522423863410949707e-03 2.681174501776695251e-02
-3.019839525222778320e-03 2.712475508451461792e-02
-2.296462655067443848e-03 2.684824168682098389e-02
-3.712281584739685059e-03 2.732545882463455200e-02
-3.145828843116760254e-03 2.717281132936477661e-02
-3.057137131690979004e-03 2.726281806826591492e-02
-3.647118806838989258e-03 2.744664251804351807e-02
-4.392266273498535156e-03 2.777502499520778656e-02
-3.496728837490081787e-03 2.728557586669921875e-02
-2.435281872749328613e-03 2.683527022600173950e-02
-1.927025616168975830e-03 2.663537487387657166e-02
-5.163699388504028320e-04 2.606124803423881531e-02
-4.032328724861145020e-04 2.602431923151016235e-02
3.222525119781494141e-04 2.566833049058914185e-02
7.802248001098632812e-04 2.561007440090179443e-02
-1.320689916610717773e-04 2.591298520565032959e-02
1.910716295242309570e-03 2.522150427103042603e-02
4.082694649696350098e-03 2.401537448167800903e-02
5.271449685096740723e-03 2.348641306161880493e-02
4.303820431232452393e-03 2.393293380737304688e-02
3.372684121131896973e-03 2.459505572915077209e-02
5.517780780792236328e-03 2.361006289720535278e-02
5.580782890319824219e-03 2.374565228819847107e-02
5.315385758876800537e-03 2.374290674924850464e-02
6.380222737789154053e-03 2.336698770523071289e-02
5.792215466499328613e-03 2.349096164107322693e-02
3.299817442893981934e-03 2.459586411714553833e-02
4.711329936981201172e-03 2.435550838708877563e-02
2.622812986373901367e-03 2.499500289559364319e-02
1.993544399738311768e-03 2.532277628779411316e-02
1.378938555717468262e-03 2.579826861619949341e-02
2.312727272510528564e-03 2.535478398203849792e-02
2.134889364242553711e-03 2.547878772020339966e-02
8.800625801086425781e-04 2.593622729182243347e-02
1.165322959423065186e-03 2.608313411474227905e-02
2.294979989528656006e-03 2.572967112064361572e-02
2.645999193191528320e-03 2.567355707287788391e-02
2.949714660644531250e-03 2.538185194134712219e-02
3.504738211631774902e-03 2.524077519774436951e-02
3.399282693862915039e-03 2.522118389606475830e-02
1.658059656620025635e-03 2.599083632230758667e-02
1.974754035472869873e-03 2.575348690152168274e-02
3.922849893569946289e-03 2.516522631049156189e-02
3.428176045417785645e-03 2.517984807491302490e-02
4.616454243659973145e-03 2.482602372765541077e-02
4.582889378070831299e-03 2.475162968039512634e-02
5.163207650184631348e-03 2.445177733898162842e-02
6.466992199420928955e-03 2.379335090517997742e-02
8.680403232574462891e-03 2.297192066907882690e-02
8.266240358352661133e-03 2.326950803399085999e-02
9.411521255970001221e-03 2.280332148075103760e-02
1.125049591064453125e-02 2.157686650753021240e-02
1.216469705104827881e-02 2.079163864254951477e-02
1.258900761604309082e-02 2.049025893211364746e-02
1.070693135261535645e-02 2.151285856962203979e-02
1.001966744661331177e-02 2.199692279100418091e-02
8.781969547271728516e-03 2.229800820350646973e-02
9.946651756763458252e-03 2.181748673319816589e-02
1.133404672145843506e-02 2.133101224899291992e-02
9.029716253280639648e-03 2.220072597265243530e-02
1.195290684700012207e-02 2.063002437353134155e-02
1.428637653589248657e-02 1.958696916699409485e-02
1.395650207996368408e-02 1.923143118619918823e-02
1.831129193305969238e-02 1.754343509674072266e-02
1.773057878017425537e-02 1.742810383439064026e-02
1.732483506202697754e-02 1.793681830167770386e-02
1.566509902477264404e-02 1.859099790453910828e-02
1.289893686771392822e-02 1.965831965208053589e-02
1.308602094650268555e-02 2.035273239016532898e-02
1.107555627822875977e-02 2.149719744920730591e-02
7.995560765266418457e-03 2.269491553306579590e-02
1.824125647544860840e-03 2.535711228847503662e-02
-3.715977072715759277e-04 2.643216773867607117e-02
-2.922393381595611572e-03 2.723005414009094238e-02
-3.512859344482421875e-03 2.739352546632289886e-02
-1.490198075771331787e-03 2.640755847096443176e-02
2.097278833389282227e-03 2.473396062850952148e-02
4.360042512416839600e-03 2.393229678273200989e-02
5.177721381187438965e-03 2.342746779322624207e-02
4.631727933883666992e-03 2.380781620740890503e-02
5.621671676635742188e-03 2.335000038146972656e-02
5.272917449474334717e-03 2.342635765671730042e-02
5.266353487968444824e-03 2.332309633493423462e-02
6.667241454124450684e-03 2.270480245351791382e-02
6.671831011772155762e-03 2.280280366539955139e-02
7.538475096225738525e-03 2.249846607446670532e-02
6.468988955020904541e-03 2.292893081903457642e-02
4.264019429683685303e-03 2.415955811738967896e-02
5.345270037651062012e-03 2.374555543065071106e-02
5.297936499118804932e-03 2.389965206384658813e-02
4.865042865276336670e-03 2.395753189921379089e-02
5.353718996047973633e-03 2.362906932830810547e-02
6.369873881340026855e-03 2.305827289819717407e-02
6.270758807659149170e-03 2.313068509101867676e-02
4.424855113029479980e-03 2.381476014852523804e-02
4.642575979232788086e-03 2.388051152229309082e-02
6.279952824115753174e-03 2.312330156564712524e-02
7.288411259651184082e-03 2.266676351428031921e-02
7.409565150737762451e-03 2.264378219842910767e-02
7.177338004112243652e-03 2.298708260059356689e-02
8.074983954429626465e-03 2.247366309165954590e-02
7.453300058841705322e-03 2.276743575930595398e-02
7.542908191680908203e-03 2.285493165254592896e-02
6.653189659118652344e-03 2.346290647983551025e-02
6.395027041435241699e-03 2.355927228927612305e-02
4.303611814975738525e-03 2.444572746753692627e-02
5.074381828308105469e-03 2.386718988418579102e-02
3.447435796260833740e-03 2.437030896544456482e-02
3.766722977161407471e-03 2.403607219457626343e-02
2.914182841777801514e-03 2.483692020177841187e-02
5.516327917575836182e-03 2.340020611882209778e-02
5.489200353622436523e-03 2.327165752649307251e-02
6.007015705108642578e-03 2.305226773023605347e-02
5.634285509586334229e-03 2.305094897747039795e-02
7.768124341964721680e-03 2.210177481174468994e-02
8.691400289535522461e-03 2.172189950942993164e-02
7.946692407131195068e-03 2.192682772874832153e-02
7.565148174762725830e-03 2.209250628948211670e-02
7.577821612358093262e-03 2.203572168946266174e-02
9.590506553649902344e-03 2.112672477960586548e-02
9.018100798130035400e-03 2.145332470536231995e-02
1.097290217876434326e-02 2.074778452515602112e-02
9.650878608226776123e-03 2.145380899310112000e-02
1.006685197353363037e-02 2.128284797072410583e-02
8.894205093383789062e-03 2.187692746520042419e-02
1.089967787265777588e-02 2.105975151062011719e-02
1.063279807567596436e-02 2.101735770702362061e-02
9.257078170776367188e-03 2.166320383548736572e-02
8.950173854827880859e-03 2.188787609338760376e-02
8.413895964622497559e-03 2.196474373340606689e-02
7.807157933712005615e-03 2.223329246044158936e-02
7.683686912059783936e-03 2.246093004941940308e-02
6.958305835723876953e-03 2.288340777158737183e-02
6.287775933742523193e-03 2.316511049866676331e-02
5.173876881599426270e-03 2.357226610183715820e-02
3.657698631286621094e-03 2.410717308521270752e-02
2.939738333225250244e-03 2.435703203082084656e-02
1.556739211082458496e-03 2.504117414355278015e-02
1.730643212795257568e-03 2.478965371847152710e-02
4.629015922546386719e-03 2.345369011163711548e-02
3.716148436069488525e-03 2.405609935522079468e-02
5.874425172805786133e-03 2.296199649572372437e-02
6.985045969486236572e-03 2.258884161710739136e-02
5.334541201591491699e-03 2.350056543946266174e-02
5.066767334938049316e-03 2.370344847440719604e-02
7.595360279083251953e-03 2.261226996779441833e-02
5.906783044338226318e-03 2.345263957977294922e-02
5.468949675559997559e-03 2.374316006898880005e-02
6.210848689079284668e-03 2.325899526476860046e-02
5.743011832237243652e-03 2.352750673890113831e-02
7.300287485122680664e-03 2.270187810063362122e-02
6.797425448894500732e-03 2.278747037053108215e-02
8.487209677696228027e-03 2.203508093953132629e-02
8.301392197608947754e-03 2.207387983798980713e-02
9.552851319313049316e-03 2.157114446163177490e-02
9.219817817211151123e-03 2.155599743127822876e-02
9.242191910743713379e-03 2.138852328062057495e-02
1.239062845706939697e-02 1.999476179480552673e-02
9.642906486988067627e-03 2.141059562563896179e-02
1.038517057895660400e-02 2.127199620008468628e-02
1.230449974536895752e-02 2.039482071995735168e-02
9.653359651565551758e-03 2.169723808765411377e-02
1.050460338592529297e-02 2.159412950277328491e-02
1.278348267078399658e-02 2.033657208085060120e-02
1.488635689020156860e-02 1.936436071991920471e-02
1.635068655014038086e-02 1.874629780650138855e-02
1.567672193050384521e-02 1.927612349390983582e-02
1.664020121097564697e-02 1.857297867536544800e-02
1.654487848281860352e-02 1.841830462217330933e-02
1.489195972681045532e-02 1.920853182673454285e-02
1.395191252231597900e-02 1.998452469706535339e-02
1.101164519786834717e-02 2.125287801027297974e-02
9.333103895187377930e-03 2.192626520991325378e-02
1.066804677248001099e-02 2.180723100900650024e-02
1.428481936454772949e-02 2.015549689531326294e-02
1.596729457378387451e-02 1.953385770320892334e-02
1.247199624776840210e-02 2.124029025435447693e-02
1.230915635824203491e-02 2.117247879505157471e-02
1.276752352714538574e-02 2.083294466137886047e-02
9.879469871520996094e-03 2.250798791646957397e-02
8.997142314910888672e-03 2.291960269212722778e-02
7.039129734039306641e-03 2.383096888661384583e-02
5.633689463138580322e-03 2.416630461812019348e-02
7.995076477527618408e-03 2.333175018429756165e-02
9.015992283821105957e-03 2.307443320751190186e-02
4.966139793395996094e-03 2.436675876379013062e-02
4.269316792488098145e-03 2.431549504399299622e-02
7.878102362155914307e-03 2.297622337937355042e-02
7.092401385307312012e-03 2.361429110169410706e-02
5.547970533370971680e-03 2.392479032278060913e-02
8.482128381729125977e-03 2.274043112993240356e-02
4.229955375194549561e-03 2.444475144147872925e-02
3.298349678516387939e-03 2.512409910559654236e-02
7.802441716194152832e-03 2.334977686405181885e-02
9.321734309196472168e-03 2.202118933200836182e-02
1.293417811393737793e-02 2.033967524766921997e-02
1.215098053216934204e-02 2.046494558453559875e-02
1.755326241254806519e-02 1.752126589417457581e-02
1.791303604841232300e-02 1.720177382230758667e-02
1.507876813411712646e-02 1.855094730854034424e-02
1.807178556919097900e-02 1.677712053060531616e-02
1.875089854001998901e-02 1.631477475166320801e-02
2.045150846242904663e-02 1.536703854799270630e-02
2.013175934553146362e-02 1.544767618179321289e-02
1.749785244464874268e-02 1.679255813360214233e-02
1.668554544448852539e-02 1.713703572750091553e-02
1.672580838203430176e-02 1.722224056720733643e-02
1.546965539455413818e-02 1.767505705356597900e-02
1.531106233596801758e-02 1.779643073678016663e-02
1.212776452302932739e-02 1.942468434572219849e-02
1.105122268199920654e-02 1.993335038423538208e-02
7.839150726795196533e-03 2.158212661743164062e-02
5.287282168865203857e-03 2.267294377088546753e-02
5.218252539634704590e-03 2.281901612877845764e-02
3.687895834445953369e-03 2.351719886064529419e-02
3.106541931629180908e-03 2.406459301710128784e-02
1.674406230449676514e-03 2.476942166686058044e-02
-6.120800971984863281e-04 2.615222334861755371e-02
4.511624574661254883e-04 2.577638253569602966e-02
1.566931605339050293e-04 2.595557272434234619e-02
1.665264368057250977e-03 2.511210367083549500e-02
3.325447440147399902e-03 2.441380172967910767e-02
6.471820175647735596e-03 2.292610704898834229e-02
8.698001503944396973e-03 2.195821702480316162e-02
1.035692542791366577e-02 2.109890431165695190e-02
1.212938129901885986e-02 2.038937062025070190e-02
1.179841160774230957e-02 2.053944393992424011e-02
1.113235205411911011e-02 2.091202512383460999e-02
1.096776127815246582e-02 2.099611237645149231e-02
1.001238822937011719e-02 2.138067781925201416e-02
8.932054042816162109e-03 2.188338711857795715e-02
8.734680712223052979e-03 2.218434959650039673e-02
9.548321366310119629e-03 2.164633572101593018e-02
1.045934110879898071e-02 2.114796265959739685e-02
8.438743650913238525e-03 2.211464941501617432e-02
8.811317384243011475e-03 2.198553457856178284e-02
7.703036069869995117e-03 2.249525487422943115e-02
9.247660636901855469e-03 2.161281183362007141e-02
9.698204696178436279e-03 2.140204980969429016e-02
9.964525699615478516e-03 2.129046991467475891e-02
8.084200322628021240e-03 2.220505103468894958e-02
7.296323776245117188e-03 2.260056510567665100e-02
6.334275007247924805e-03 2.313289418816566467e-02
8.005991578102111816e-03 2.224988862872123718e-02
7.818944752216339111e-03 2.233091741800308228e-02
9.022057056427001953e-03 2.172494679689407349e-02
9.100094437599182129e-03 2.184642106294631958e-02
9.269572794437408447e-03 2.178087458014488220e-02
1.025074720382690430e-02 2.128856256604194641e-02
1.035235077142715454e-02 2.124502509832382202e-02
9.616062045097351074e-03 2.155000716447830200e-02
1.165294647216796875e-02 2.071476727724075317e-02
1.176975667476654053e-02 2.068867534399032593e-02
1.125922054052352905e-02 2.078388631343841553e-02
1.181945949792861938e-02 2.047549560666084290e-02
1.105982810258865356e-02 2.083787322044372559e-02
1.022703945636749268e-02 2.132295817136764526e-02
1.072805374860763550e-02 2.113103866577148438e-02
1.185636222362518311e-02 2.059865742921829224e-02
1.123297959566116333e-02 2.089942246675491333e-02
1.061248034238815308e-02 2.112045511603355408e-02
1.123470067977905273e-02 2.081161364912986755e-02
1.113863289356231689e-02 2.071097865700721741e-02
1.126688718795776367e-02 2.070807665586471558e-02
9.974949061870574951e-03 2.117673307657241821e-02
9.584262967109680176e-03 2.144074440002441406e-02
8.903235197067260742e-03 2.183323726058006287e-02
9.230934083461761475e-03 2.174507454037666321e-02
1.049429923295974731e-02 2.111404761672019958e-02
1.110030710697174072e-02 2.079063281416893005e-02
1.041970402002334595e-02 2.109555155038833618e-02
9.937778115272521973e-03 2.143944799900054932e-02
8.293673396110534668e-03 2.212573215365409851e-02
7.879599928855895996e-03 2.231615409255027771e-02
7.571309804916381836e-03 2.243977040052413940e-02
7.970139384269714355e-03 2.223786711692810059e-02
7.378637790679931641e-03 2.252096682786941528e-02
6.365835666656494141e-03 2.289977297186851501e-02
6.362810730934143066e-03 2.296356111764907837e-02
6.343536078929901123e-03 2.292651310563087463e-02
7.810950279235839844e-03 2.217626571655273438e-02
8.012846112251281738e-03 2.218446880578994751e-02
9.043827652931213379e-03 2.170493453741073608e-02
9.905599057674407959e-03 2.134181931614875793e-02
1.032058149576187134e-02 2.123414725065231323e-02
1.156952977180480957e-02 2.069542929530143738e-02
1.267743855714797974e-02 2.013489603996276855e-02
1.224799454212188721e-02 2.042650431394577026e-02
1.080703735351562500e-02 2.110913023352622986e-02
1.063309609889984131e-02 2.115428447723388672e-02
1.174916326999664307e-02 2.066864073276519775e-02
1.159274578094482422e-02 2.073038741946220398e-02
1.084962487220764160e-02 2.101464197039604187e-02
1.012592762708663940e-02 2.134729176759719849e-02
8.992671966552734375e-03 2.182880789041519165e-02
1.020024716854095459e-02 2.123408392071723938e-02
1.061148196458816528e-02 2.108518779277801514e-02
1.076649129390716553e-02 2.095922455191612244e-02
1.141792535781860352e-02 2.068118005990982056e-02
1.076421886682510376e-02 2.093037217855453491e-02
1.003232598304748535e-02 2.133725956082344055e-02
1.127384603023529053e-02 2.086617052555084229e-02
1.100081205368041992e-02 2.107318118214607239e-02
1.064165681600570679e-02 2.117388322949409485e-02
1.026704907417297363e-02 2.145114168524742126e-02
1.028740406036376953e-02 2.161049842834472656e-02
9.266614913940429688e-03 2.208930253982543945e-02
1.062589883804321289e-02 2.121406793594360352e-02
1.130960881710052490e-02 2.098977565765380859e-02
1.254738867282867432e-02 2.041519433259963989e-02
1.373840868473052979e-02 1.998997852206230164e-02
1.270364224910736084e-02 2.040503919124603271e-02
1.032432913780212402e-02 2.155488356947898865e-02
1.030302047729492188e-02 2.160979434847831726e-02
1.188632100820541382e-02 2.069041505455970764e-02
1.164083182811737061e-02 2.084287628531455994e-02
1.235193759202957153e-02 2.041316777467727661e-02
1.376771181821823120e-02 1.962452009320259094e-02
1.400396227836608887e-02 1.962266862392425537e-02
1.461084187030792236e-02 1.940716803073883057e-02
1.510284096002578735e-02 1.926510408520698547e-02
1.433439552783966064e-02 1.956454664468765259e-02
1.218751072883605957e-02 2.065199613571166992e-02
1.225687563419342041e-02 2.054854854941368103e-02
1.211641728878021240e-02 2.053647860884666443e-02
1.159164309501647949e-02 2.054987102746963501e-02
1.123202592134475708e-02 2.076074481010437012e-02
1.146826893091201782e-02 2.055553346872329712e-02
1.186738908290863037e-02 2.025097608566284180e-02
1.142890006303787231e-02 2.036140114068984985e-02
1.102377474308013916e-02 2.059538662433624268e-02
1.188075542449951172e-02 2.020147442817687988e-02
1.125046610832214355e-02 2.065277844667434692e-02
1.288501918315887451e-02 2.000849694013595581e-02
1.366440206766128540e-02 1.971048489212989807e-02
1.392436027526855469e-02 1.949353888630867004e-02
1.225023716688156128e-02 2.020430192351341248e-02
1.245648413896560669e-02 2.000284567475318909e-02
1.374918222427368164e-02 1.947814971208572388e-02
1.395240426063537598e-02 1.934437826275825500e-02
1.316192001104354858e-02 1.978311687707901001e-02
1.364380121231079102e-02 1.963421702384948730e-02
1.122505962848663330e-02 2.070712670683860779e-02
1.184062659740447998e-02 2.058573812246322632e-02
1.172309368848800659e-02 2.065995708107948303e-02
1.308090239763259888e-02 1.993802562355995178e-02
1.304823160171508789e-02 2.002621814608573914e-02
1.204137504100799561e-02 2.060546725988388062e-02
1.167400181293487549e-02 2.062367647886276245e-02
1.112004369497299194e-02 2.099565416574478149e-02
8.875146508216857910e-03 2.209537848830223083e-02
1.067062467336654663e-02 2.119708061218261719e-02
8.849382400512695312e-03 2.209451049566268921e-02
1.013692468404769897e-02 2.145199477672576904e-02
1.125811785459518433e-02 2.107786387205123901e-02
1.030680537223815918e-02 2.151544392108917236e-02
9.812489151954650879e-03 2.158443257212638855e-02
9.815230965614318848e-03 2.149017155170440674e-02
8.697949349880218506e-03 2.209492027759552002e-02
8.569262921810150146e-03 2.221431210637092590e-02
1.140318810939788818e-02 2.090742811560630798e-02
1.146579533815383911e-02 2.083794772624969482e-02
1.034433394670486450e-02 2.147465944290161133e-02
1.199081540107727051e-02 2.059082686901092529e-02
6.773315370082855225e-03 2.334662899374961853e-02
1.067356020212173462e-02 2.172985672950744629e-02
1.028361171483993530e-02 2.152919769287109375e-02
8.600041270256042480e-03 2.215662598609924316e-02
9.165242314338684082e-03 2.194768935441970825e-02
4.748158156871795654e-03 2.380139008164405823e-02
5.696877837181091309e-03 2.340064197778701782e-02
8.775614202022552490e-03 2.186116948723793030e-02
8.028030395507812500e-03 2.204374969005584717e-02
7.071405649185180664e-03 2.229504287242889404e-02
9.384140372276306152e-03 2.140393853187561035e-02
7.647618651390075684e-03 2.227059006690979004e-02
8.108027279376983643e-03 2.193070575594902039e-02
7.810309529304504395e-03 2.189762890338897705e-02
9.572707116603851318e-03 2.100126445293426514e-02
1.171055436134338379e-02 1.999435201287269592e-02
1.035635918378829956e-02 2.083699777722358704e-02
1.113391667604446411e-02 2.050507813692092896e-02
1.084996014833450317e-02 2.052744850516319275e-02
1.010267436504364014e-02 2.100662887096405029e-02
1.055167615413665771e-02 2.081508934497833252e-02
9.815379977226257324e-03 2.110707014799118042e-02
8.675985038280487061e-03 2.172412723302841187e-02
8.450582623481750488e-03 2.181479707360267639e-02
7.739931344985961914e-03 2.223133668303489685e-02
8.193269371986389160e-03 2.207764983177185059e-02
1.038885861635208130e-02 2.102502807974815369e-02
9.798482060432434082e-03 2.135367318987846375e-02
1.014179736375808716e-02 2.114523947238922119e-02
8.324086666107177734e-03 2.193867787718772888e-02
7.396228611469268799e-03 2.252259477972984314e-02
6.671667098999023438e-03 2.287295088171958923e-02
8.869722485542297363e-03 2.188301086425781250e-02
7.417812943458557129e-03 2.238136902451515198e-02
8.115470409393310547e-03 2.205576002597808838e-02
7.825776934623718262e-03 2.223858609795570374e-02
8.188411593437194824e-03 2.211518585681915283e-02
8.852019906044006348e-03 2.190626412630081177e-02
9.552173316478729248e-03 2.172429114580154419e-02
9.171307086944580078e-03 2.189678326249122620e-02
8.727326989173889160e-03 2.214320749044418335e-02
9.411960840225219727e-03 2.183244749903678894e-02
9.872496128082275391e-03 2.176816016435623169e-02
9.802758693695068359e-03 2.177725359797477722e-02
1.096790283918380737e-02 2.113869786262512207e-02
1.054210215806961060e-02 2.129634842276573181e-02
1.117002964019775391e-02 2.093577757477760315e-02
1.107001304626464844e-02 2.097282558679580688e-02
1.026958227157592773e-02 2.136065810918807983e-02
9.000524878501892090e-03 2.168763428926467896e-02
9.285971522331237793e-03 2.167563885450363159e-02
8.894085884094238281e-03 2.190684899687767029e-02
9.504221379756927490e-03 2.163520827889442444e-02
9.973928332328796387e-03 2.129419147968292236e-02
9.901724755764007568e-03 2.123346924781799316e-02
9.511888027191162109e-03 2.136828005313873291e-02
1.016802340745925903e-02 2.108563482761383057e-02
9.854719042778015137e-03 2.122929692268371582e-02
1.132717728614807129e-02 2.064076811075210571e-02
1.219716668128967285e-02 2.014629915356636047e-02
1.149171590805053711e-02 2.051519602537155151e-02
1.157134026288986206e-02 2.043672278523445129e-02
1.088793575763702393e-02 2.085377275943756104e-02
1.019103825092315674e-02 2.098856866359710693e-02
1.018422842025756836e-02 2.088043838739395142e-02
9.931847453117370605e-03 2.119394019246101379e-02
1.021644473075866699e-02 2.104076743125915527e-02
9.123072028160095215e-03 2.149596437811851501e-02
8.749544620513916016e-03 2.163285017013549805e-02
9.878367185592651367e-03 2.108466252684593201e-02
9.656317532062530518e-03 2.117203176021575928e-02
8.962869644165039062e-03 2.155972272157669067e-02
9.437680244445800781e-03 2.129446715116500854e-02
1.022122800350189209e-02 2.089654654264450073e-02
8.001878857612609863e-03 2.198497578501701355e-02
8.477374911308288574e-03 2.181930094957351685e-02
8.638441562652587891e-03 2.181238681077957153e-02
8.494436740875244141e-03 2.185276150703430176e-02
8.014746010303497314e-03 2.210371196269989014e-02
7.335714995861053467e-03 2.250410616397857666e-02
6.980396807193756104e-03 2.266456186771392822e-02
7.283829152584075928e-03 2.258425578474998474e-02
6.606534123420715332e-03 2.289894223213195801e-02
7.244616746902465820e-03 2.249139174818992615e-02
7.940649986267089844e-03 2.228482812643051147e-02
7.217019796371459961e-03 2.254346758127212524e-02
6.723850965499877930e-03 2.283915877342224121e-02
8.307874202728271484e-03 2.200860157608985901e-02
9.104371070861816406e-03 2.154093608260154724e-02
8.189469575881958008e-03 2.184089273214340210e-02
8.171096444129943848e-03 2.192369848489761353e-02
9.291395545005798340e-03 2.151422575116157532e-02
9.592823684215545654e-03 2.149171382188796997e-02
1.229919493198394775e-02 2.033963799476623535e-02
1.144423335790634155e-02 2.063465490937232971e-02
1.066114008426666260e-02 2.139199525117874146e-02
1.224321871995925903e-02 2.049348875880241394e-02
1.230802386999130249e-02 2.045595645904541016e-02
1.202151179313659668e-02 2.067609503865242004e-02
1.227891445159912109e-02 2.046600356698036194e-02
1.223024725914001465e-02 2.058672159910202026e-02
1.178930699825286865e-02 2.078409120440483093e-02
1.138728857040405273e-02 2.095061540603637695e-02
1.257728040218353271e-02 2.027445659041404724e-02
1.253822445869445801e-02 2.038349211215972900e-02
1.193551719188690186e-02 2.070224657654762268e-02
1.194682717323303223e-02 2.061386406421661377e-02
1.198101043701171875e-02 2.048283442854881287e-02
1.306508481502532959e-02 2.017860859632492065e-02
1.225608587265014648e-02 2.063672989606857300e-02
1.073054224252700806e-02 2.128514647483825684e-02
1.104495674371719360e-02 2.115115150809288025e-02
1.218856871128082275e-02 2.063300088047981262e-02
1.174958050251007080e-02 2.072197198867797852e-02
1.133687794208526611e-02 2.079362794756889343e-02
1.203551888465881348e-02 2.054678648710250854e-02
1.147504150867462158e-02 2.073239535093307495e-02
1.151615381240844727e-02 2.071141824126243591e-02
1.129920780658721924e-02 2.077477797865867615e-02
1.119005680084228516e-02 2.062100544571876526e-02
1.101465523242950439e-02 2.068337798118591309e-02
1.117329299449920654e-02 2.067881822586059570e-02
1.213541626930236816e-02 2.044615522027015686e-02
1.183852553367614746e-02 2.046321704983711243e-02
1.357621699571609497e-02 1.964629068970680237e-02
1.202008128166198730e-02 2.038749307394027710e-02
1.168544590473175049e-02 2.037902176380157471e-02
1.200653612613677979e-02 2.034995704889297485e-02
1.275706291198730469e-02 2.012589946389198303e-02
1.259719580411911011e-02 2.014354616403579712e-02
1.105616986751556396e-02 2.065666764974594116e-02
1.211164146661758423e-02 2.042147144675254822e-02
1.399967074394226074e-02 1.936460286378860474e-02
1.243036985397338867e-02 2.033359557390213013e-02
1.530060172080993652e-02 1.905452460050582886e-02
1.330509781837463379e-02 2.003841102123260498e-02
1.160233467817306519e-02 2.079086005687713623e-02
1.249963045120239258e-02 2.055015042424201965e-02
1.331690698862075806e-02 2.014317363500595093e-02
1.228231191635131836e-02 2.049312368035316467e-02
1.233441382646560669e-02 2.034293115139007568e-02
1.282184571027755737e-02 1.999361440539360046e-02
1.278200000524520874e-02 2.012616395950317383e-02
1.176087558269500732e-02 2.052930742502212524e-02
1.130738854408264160e-02 2.066058292984962463e-02
1.142120361328125000e-02 2.070299535989761353e-02
9.727314114570617676e-03 2.151453495025634766e-02
1.071779429912567139e-02 2.102427929639816284e-02
9.760558605194091797e-03 2.151729166507720947e-02
8.781269192695617676e-03 2.210902795195579529e-02
9.709924459457397461e-03 2.177448943257331848e-02
1.122572273015975952e-02 2.115263789892196655e-02
1.076384633779525757e-02 2.137602493166923523e-02
1.052060723304748535e-02 2.157308906316757202e-02
1.153385639190673828e-02 2.089979499578475952e-02
1.012913137674331665e-02 2.148950845003128052e-02
8.586280047893524170e-03 2.227760106325149536e-02
8.123055100440979004e-03 2.239790931344032288e-02
8.402392268180847168e-03 2.216842770576477051e-02
8.185535669326782227e-03 2.209053188562393188e-02
9.113095700740814209e-03 2.163336426019668579e-02
9.796641767024993896e-03 2.135468646883964539e-02
9.112343192100524902e-03 2.176573872566223145e-02
9.218633174896240234e-03 2.189698815345764160e-02
1.095327734947204590e-02 2.104702591896057129e-02
1.168539375066757202e-02 2.077589929103851318e-02
1.214469969272613525e-02 2.048023045063018799e-02
1.225603371858596802e-02 2.055157348513603210e-02
1.171360164880752563e-02 2.089785784482955933e-02
1.136505603790283203e-02 2.126091346144676208e-02
1.223359256982803345e-02 2.079748734831809998e-02
1.208649575710296631e-02 2.077833563089370728e-02
1.165530830621719360e-02 2.090249210596084595e-02
1.219840347766876221e-02 2.067242935299873352e-02
1.280044764280319214e-02 2.043835446238517761e-02
1.236903667449951172e-02 2.082209661602973938e-02
1.479186117649078369e-02 1.975721865892410278e-02
1.503070443868637085e-02 1.938329637050628662e-02
1.667879521846771240e-02 1.863015815615653992e-02
1.460617780685424805e-02 1.956192404031753540e-02
1.508195698261260986e-02 1.909334957599639893e-02
1.326877623796463013e-02 1.978939771652221680e-02
1.360245794057846069e-02 1.968412846326828003e-02
1.213039457798004150e-02 2.021139115095138550e-02
1.090108603239059448e-02 2.079359069466590881e-02
1.048547774553298950e-02 2.098818868398666382e-02
1.052539050579071045e-02 2.095731347799301147e-02
1.109849661588668823e-02 2.089515328407287598e-02
1.055075228214263916e-02 2.109022438526153564e-02
1.068869978189468384e-02 2.110006660223007202e-02
9.810477495193481445e-03 2.146975696086883545e-02
9.397856891155242920e-03 2.181529998779296875e-02
1.006280630826950073e-02 2.145160362124443054e-02
1.009041070938110352e-02 2.139047905802726746e-02
1.084505766630172729e-02 2.093385905027389526e-02
9.261727333068847656e-03 2.182865142822265625e-02
7.074996829032897949e-03 2.282373607158660889e-02
7.037177681922912598e-03 2.287134528160095215e-02
7.322981953620910645e-03 2.269097417593002319e-02
4.944369196891784668e-03 2.373410388827323914e-02
4.182979464530944824e-03 2.418435364961624146e-02
4.337899386882781982e-03 2.412422373890876770e-02
4.174150526523590088e-03 2.413239330053329468e-02
3.766983747482299805e-03 2.435247600078582764e-02
3.464162349700927734e-03 2.448624372482299805e-02
2.322457730770111084e-03 2.481655031442642212e-02
-7.493719458580017090e-04 2.624827623367309570e-02
1.163929700851440430e-03 2.533328905701637268e-02
3.188885748386383057e-03 2.451360598206520081e-02
3.776997327804565430e-03 2.436307817697525024e-02
4.224516451358795166e-03 2.398987859487533569e-02
2.640165388584136963e-03 2.474232017993927002e-02
1.636177301406860352e-03 2.530268207192420959e-02
2.495102584362030029e-03 2.469266951084136963e-02
2.750173211097717285e-03 2.467904239892959595e-02
5.576625466346740723e-03 2.347841113805770874e-02
6.225861608982086182e-03 2.293632179498672485e-02
6.825029850006103516e-03 2.289838343858718872e-02
5.031645298004150391e-03 2.376151084899902344e-02
4.297994077205657959e-03 2.398288622498512268e-02
5.282662808895111084e-03 2.363742142915725708e-02
4.972204566001892090e-03 2.375423163175582886e-02
4.125893115997314453e-03 2.421516925096511841e-02
4.166096448898315430e-03 2.448467537760734558e-02
3.799654543399810791e-03 2.482480928301811218e-02
5.181580781936645508e-03 2.403121441602706909e-02
8.018001914024353027e-03 2.283401042222976685e-02
8.717745542526245117e-03 2.263315767049789429e-02
6.840355694293975830e-03 2.343542128801345825e-02
6.520755589008331299e-03 2.382891625165939331e-02
7.793307304382324219e-03 2.321398258209228516e-02
9.272798895835876465e-03 2.220984920859336853e-02
1.048783957958221436e-02 2.180242910981178284e-02
1.122689247131347656e-02 2.147683873772621155e-02
9.214758872985839844e-03 2.245790883898735046e-02
8.030183613300323486e-03 2.294669300317764282e-02
1.061929017305374146e-02 2.171742916107177734e-02
1.133153587579727173e-02 2.130015194416046143e-02
8.313477039337158203e-03 2.250336483120918274e-02
7.155500352382659912e-03 2.295204997062683105e-02
7.962547242641448975e-03 2.254893630743026733e-02
7.118493318557739258e-03 2.294632792472839355e-02
7.511548697948455811e-03 2.250063791871070862e-02
5.968436598777770996e-03 2.330168336629867554e-02
5.459032952785491943e-03 2.369709312915802002e-02
5.138933658599853516e-03 2.366632223129272461e-02
5.508422851562500000e-03 2.366089075803756714e-02
6.875567138195037842e-03 2.323373779654502869e-02
6.666138768196105957e-03 2.322889864444732666e-02
4.817038774490356445e-03 2.414622902870178223e-02
5.937419831752777100e-03 2.369662001729011536e-02
7.466852664947509766e-03 2.282983437180519104e-02
7.080130279064178467e-03 2.286973968148231506e-02
5.053184926509857178e-03 2.370374277234077454e-02
6.276048719882965088e-03 2.314305305480957031e-02
8.221805095672607422e-03 2.234346419572830200e-02
7.138967514038085938e-03 2.296702936291694641e-02
8.543126285076141357e-03 2.233955264091491699e-02
9.025663137435913086e-03 2.223705127835273743e-02
8.730977773666381836e-03 2.250584587454795837e-02
7.901653647422790527e-03 2.260613813996315002e-02
7.562756538391113281e-03 2.307648211717605591e-02
9.433075785636901855e-03 2.236667275428771973e-02
8.070215582847595215e-03 2.271219342947006226e-02
9.882733225822448730e-03 2.201614528894424438e-02
9.049750864505767822e-03 2.254134789109230042e-02
8.092358708381652832e-03 2.296816557645797729e-02
8.661128580570220947e-03 2.268106862902641296e-02
6.612986326217651367e-03 2.359543740749359131e-02
5.055606365203857422e-03 2.439415454864501953e-02
5.911991000175476074e-03 2.413671836256980896e-02
5.742177367210388184e-03 2.393931895494461060e-02
5.002275109291076660e-03 2.426060289144515991e-02
4.672199487686157227e-03 2.448392659425735474e-02
5.817890167236328125e-03 2.402124926447868347e-02
6.370700895786285400e-03 2.374396845698356628e-02
6.463468074798583984e-03 2.368345111608505249e-02
6.902262568473815918e-03 2.358171716332435608e-02
6.701149046421051025e-03 2.371717244386672974e-02
6.704449653625488281e-03 2.348042279481887817e-02
8.698545396327972412e-03 2.275949716567993164e-02
7.940366864204406738e-03 2.315640449523925781e-02
8.818522095680236816e-03 2.268781512975692749e-02
9.620994329452514648e-03 2.215142548084259033e-02
1.094307005405426025e-02 2.165810763835906982e-02
1.027552783489227295e-02 2.207553386688232422e-02
1.086191833019256592e-02 2.182088792324066162e-02
9.990826249122619629e-03 2.222290635108947754e-02
1.114214956760406494e-02 2.153313532471656799e-02
1.148654520511627197e-02 2.141068875789642334e-02
1.270193606615066528e-02 2.060166001319885254e-02
1.355006545782089233e-02 2.026225253939628601e-02
1.479093730449676514e-02 1.957126334309577942e-02
1.512052118778228760e-02 1.935997605323791504e-02
1.207804679870605469e-02 2.069610729813575745e-02
1.118951290845870972e-02 2.118996903300285339e-02
1.237194240093231201e-02 2.054205536842346191e-02
1.189328730106353760e-02 2.055008709430694580e-02
1.248506456613540649e-02 2.030789852142333984e-02
1.022636890411376953e-02 2.138697355985641479e-02
1.202373951673507690e-02 2.049095183610916138e-02
1.096217334270477295e-02 2.093576267361640930e-02
1.041951775550842285e-02 2.125900611281394958e-02
1.100056618452072144e-02 2.075160294771194458e-02
9.610168635845184326e-03 2.139177918434143066e-02
1.101171970367431641e-02 2.069830894470214844e-02
1.234953850507736206e-02 2.032016217708587646e-02
1.085713505744934082e-02 2.088848873972892761e-02
9.636290371417999268e-03 2.158473432064056396e-02
1.216529309749603271e-02 2.048807963728904724e-02
1.431815326213836670e-02 1.956469565629959106e-02
1.193562150001525879e-02 2.067945525050163269e-02
1.177889108657836914e-02 2.086007595062255859e-02
1.381704956293106079e-02 1.984013244509696960e-02
8.549526333808898926e-03 2.253068238496780396e-02
8.829109370708465576e-03 2.228849753737449646e-02
9.118914604187011719e-03 2.216085046529769897e-02
8.950792253017425537e-03 2.207764238119125366e-02
7.740639150142669678e-03 2.239474654197692871e-02
8.279129862785339355e-03 2.220495417714118958e-02
8.275523781776428223e-03 2.211124822497367859e-02
7.660210132598876953e-03 2.231454849243164062e-02
7.257603108882904053e-03 2.252289652824401855e-02
8.041247725486755371e-03 2.217558771371841431e-02
7.299005985260009766e-03 2.248885855078697205e-02
6.725028157234191895e-03 2.273452281951904297e-02
8.027464151382446289e-03 2.202561870217323303e-02
6.501637399196624756e-03 2.299362048506736755e-02
6.841897964477539062e-03 2.286567538976669312e-02
6.676033139228820801e-03 2.291487157344818115e-02
6.496578454971313477e-03 2.297608926892280579e-02
6.955094635486602783e-03 2.275812253355979919e-02
6.814777851104736328e-03 2.297371998429298401e-02
6.037116050720214844e-03 2.332141995429992676e-02
5.105726420879364014e-03 2.367829903960227966e-02
5.079522728919982910e-03 2.375947684049606323e-02
7.183544337749481201e-03 2.292055636644363403e-02
6.708592176437377930e-03 2.296984940767288208e-02
6.430879235267639160e-03 2.310618758201599121e-02
6.466038525104522705e-03 2.318250387907028198e-02
5.699992179870605469e-03 2.348568290472030640e-02
5.866065621376037598e-03 2.342421561479568481e-02
6.017699837684631348e-03 2.332437038421630859e-02
6.775341928005218506e-03 2.292628958821296692e-02
7.171593606472015381e-03 2.274670451879501343e-02
7.091432809829711914e-03 2.265332639217376709e-02
8.122265338897705078e-03 2.231427282094955444e-02
8.420273661613464355e-03 2.211465686559677124e-02
8.478753268718719482e-03 2.215223759412765503e-02
8.236438035964965820e-03 2.213015034794807434e-02
9.707525372505187988e-03 2.125590294599533081e-02
1.036173105239868164e-02 2.117131277918815613e-02
8.831940591335296631e-03 2.187860384583473206e-02
8.879885077476501465e-03 2.186159789562225342e-02
8.599832653999328613e-03 2.186191827058792114e-02
8.791401982307434082e-03 2.174701541662216187e-02
8.019596338272094727e-03 2.226023748517036438e-02
7.965728640556335449e-03 2.224194258451461792e-02
7.493600249290466309e-03 2.253689244389533997e-02
7.885880768299102783e-03 2.229122072458267212e-02
8.282892405986785889e-03 2.216202765703201294e-02
6.686121225357055664e-03 2.277924865484237671e-02
5.973741412162780762e-03 2.307426184415817261e-02
