-1.367899775505065918e-02 3.352185338735580444e-02
-1.222728192806243896e-02 3.280740231275558472e-02
-1.313537359237670898e-02 3.310500085353851318e-02
-1.382505893707275391e-02 3.347167745232582092e-02
-1.148073375225067139e-02 3.229797258973121643e-02
-1.397605985403060913e-02 3.332721814513206482e-02
-1.315958052873611450e-02 3.327388316392898560e-02
-1.171943545341491699e-02 3.249295800924301147e-02
-1.045690476894378662e-02 3.192425519227981567e-02
-1.310192793607711792e-02 3.313386440277099609e-02
-1.243461295962333679e-02 3.290566802024841309e-02
-1.116974651813507080e-02 3.218501061201095581e-02
-1.145251095294952393e-02 3.230831772089004517e-02
-8.776143193244934082e-03 3.113953582942485809e-02
-9.300611913204193115e-03 3.132632747292518616e-02
-1.027134805917739868e-02 3.185994923114776611e-02
-9.942948818206787109e-03 3.181550651788711548e-02
-9.311102330684661865e-03 3.157027438282966614e-02
-1.018692925572395325e-02 3.173818811774253845e-02
-1.126335561275482178e-02 3.230659663677215576e-02
-1.121681556105613708e-02 3.224039450287818909e-02
-1.089537888765335083e-02 3.206417709589004517e-02
-1.255267858505249023e-02 3.297277539968490601e-02
-1.124827563762664795e-02 3.217488899827003479e-02
-1.372954621911048889e-02 3.330413624644279480e-02
-1.385433226823806763e-02 3.334870561957359314e-02
-1.363597810268402100e-02 3.333186358213424683e-02
-1.507969945669174194e-02 3.393641114234924316e-02
-1.393955200910568237e-02 3.335181996226310730e-02
-1.431907713413238525e-02 3.361821174621582031e-02
-1.633274927735328674e-02 3.453516960144042969e-02
-1.541695743799209595e-02 3.405771404504776001e-02
-1.555146276950836182e-02 3.421680629253387451e-02
-1.582921296358108521e-02 3.436905145645141602e-02
-1.538172364234924316e-02 3.409371897578239441e-02
-1.552154123783111572e-02 3.425887599587440491e-02
-1.673357933759689331e-02 3.470788523554801941e-02
-1.730751618742942810e-02 3.512828052043914795e-02
-1.752030476927757263e-02 3.532008081674575806e-02
-1.806860417127609253e-02 3.548312932252883911e-02
-1.726458221673965454e-02 3.502690792083740234e-02
-1.912150532007217407e-02 3.598458319902420044e-02
-1.858881860971450806e-02 3.576637804508209229e-02
-1.873555034399032593e-02 3.583369776606559753e-02
-1.791518181562423706e-02 3.516712784767150879e-02
-1.545286551117897034e-02 3.418799117207527161e-02
-1.674740761518478394e-02 3.471890464425086975e-02
-1.675283908843994141e-02 3.469695523381233215e-02
-1.587537303566932678e-02 3.427604213356971741e-02
-1.693617552518844604e-02 3.481783717870712280e-02
-1.706768199801445007e-02 3.490553796291351318e-02
-1.741949096322059631e-02 3.481437265872955322e-02
-1.608002558350563049e-02 3.416438773274421692e-02
-1.664654538035392761e-02 3.443144261837005615e-02
-1.561561599373817444e-02 3.387770056724548340e-02
-1.568654179573059082e-02 3.391293808817863464e-02
-1.730473339557647705e-02 3.474339842796325684e-02
-1.636004075407981873e-02 3.424857184290885925e-02
-1.727917045354843140e-02 3.472709655761718750e-02
-1.611318066716194153e-02 3.412030637264251709e-02
-1.655305922031402588e-02 3.410968557000160217e-02
-1.681441813707351685e-02 3.439357504248619080e-02
-1.696515083312988281e-02 3.434385731816291809e-02
-1.707440987229347229e-02 3.439040482044219971e-02
-1.663266122341156006e-02 3.421981260180473328e-02
-1.813698187470436096e-02 3.488950058817863464e-02
-1.697986572980880737e-02 3.434886783361434937e-02
-1.686386391520500183e-02 3.427617251873016357e-02
-1.587139070034027100e-02 3.380593284964561462e-02
-1.691619306802749634e-02 3.422655165195465088e-02
-1.728624105453491211e-02 3.432311490178108215e-02
-1.708748936653137207e-02 3.414041176438331604e-02
-1.678081601858139038e-02 3.399026393890380859e-02
-1.726885885000228882e-02 3.416710719466209412e-02
-1.675142720341682434e-02 3.390104696154594421e-02
-1.674305647611618042e-02 3.390061110258102417e-02
-1.676015555858612061e-02 3.383184596896171570e-02
-1.800213009119033813e-02 3.447544574737548828e-02
-1.738262921571731567e-02 3.429533913731575012e-02
-1.740513741970062256e-02 3.421790152788162231e-02
-1.680260151624679565e-02 3.399019688367843628e-02
-1.646336913108825684e-02 3.373772278428077698e-02
-1.563332974910736084e-02 3.344418108463287354e-02
-1.603740453720092773e-02 3.355548903346061707e-02
-1.736594736576080322e-02 3.415904194116592407e-02
-1.690162718296051025e-02 3.414314612746238708e-02
-1.785954087972640991e-02 3.449439257383346558e-02
-1.707635819911956787e-02 3.410921245813369751e-02
-1.680550724267959595e-02 3.381073474884033203e-02
-1.720625907182693481e-02 3.393398597836494446e-02
-1.558738946914672852e-02 3.348306193947792053e-02
-1.669158041477203369e-02 3.392473608255386353e-02
-1.530408859252929688e-02 3.327785432338714600e-02
-1.658774912357330322e-02 3.385330736637115479e-02
-1.514522731304168701e-02 3.320665657520294189e-02
-1.606427505612373352e-02 3.388160094618797302e-02
-1.481286436319351196e-02 3.329464793205261230e-02
-1.603508740663528442e-02 3.395592421293258667e-02
-1.583997905254364014e-02 3.356589376926422119e-02
-1.377501338720321655e-02 3.290026262402534485e-02
-1.499789208173751831e-02 3.337691351771354675e-02
-1.430226117372512817e-02 3.300374001264572144e-02
-1.517298817634582520e-02 3.337187319993972778e-02
-1.469885557889938354e-02 3.329671174287796021e-02
-1.311632245779037476e-02 3.282384946942329407e-02
-1.288420334458351135e-02 3.275438398122787476e-02
-1.316501200199127197e-02 3.269179537892341614e-02
-1.275928691029548645e-02 3.253769129514694214e-02
-1.185051351785659790e-02 3.224176168441772461e-02
-1.223161816596984863e-02 3.235380724072456360e-02
-1.261799782514572144e-02 3.254183381795883179e-02
-1.223374158143997192e-02 3.230827674269676208e-02
-1.089832931756973267e-02 3.158415108919143677e-02
-1.164626330137252808e-02 3.174681961536407471e-02
-1.414438337087631226e-02 3.301763907074928284e-02
-1.440747454762458801e-02 3.309734910726547241e-02
-1.529730111360549927e-02 3.367309272289276123e-02
-1.353462785482406616e-02 3.289183229207992554e-02
-1.358205825090408325e-02 3.296316415071487427e-02
-1.290937885642051697e-02 3.242496028542518616e-02
-1.300941407680511475e-02 3.252747654914855957e-02
-1.274559646844863892e-02 3.238586708903312683e-02
-1.319012045860290527e-02 3.255025297403335571e-02
-1.263448596000671387e-02 3.232618421316146851e-02
-1.411388069391250610e-02 3.293066844344139099e-02
-1.267161592841148376e-02 3.248818218708038330e-02
-1.222515851259231567e-02 3.213279694318771362e-02
-1.378919929265975952e-02 3.284927085041999817e-02
-1.330078393220901489e-02 3.258865326642990112e-02
-1.473710685968399048e-02 3.325144946575164795e-02
-1.458726823329925537e-02 3.328043967485427856e-02
-1.422176882624626160e-02 3.307406604290008545e-02
-1.426229625940322876e-02 3.303723409771919250e-02
-1.476258784532546997e-02 3.332047909498214722e-02
-1.465200632810592651e-02 3.330554068088531494e-02
-1.393909752368927002e-02 3.296577930450439453e-02
-1.461721956729888916e-02 3.330123424530029297e-02
-1.491668075323104858e-02 3.340538218617439270e-02
-1.402480155229568481e-02 3.292026743292808533e-02
-1.380180567502975464e-02 3.271765261888504028e-02
-1.443593949079513550e-02 3.312231600284576416e-02
-1.400528848171234131e-02 3.280294686555862427e-02
-1.346001401543617249e-02 3.270661085844039917e-02
-1.377976685762405396e-02 3.283138945698738098e-02
-1.363930851221084595e-02 3.269926831126213074e-02
-1.454532891511917114e-02 3.307795152068138123e-02
-1.520643755793571472e-02 3.330681473016738892e-02
-1.463232934474945068e-02 3.312458470463752747e-02
-1.588242501020431519e-02 3.367197141051292419e-02
-1.532125473022460938e-02 3.341812640428543091e-02
-1.461702585220336914e-02 3.309290111064910889e-02
-1.491577178239822388e-02 3.319102525711059570e-02
-1.469626650214195251e-02 3.310878574848175049e-02
-1.500327885150909424e-02 3.325515240430831909e-02
-1.534471660852432251e-02 3.340018168091773987e-02
-1.624310761690139771e-02 3.377746045589447021e-02
-1.622723042964935303e-02 3.380793705582618713e-02
-1.626355946063995361e-02 3.378549590706825256e-02
-1.667234301567077637e-02 3.404219448566436768e-02
-1.687154173851013184e-02 3.408254683017730713e-02
-1.637083292007446289e-02 3.381973877549171448e-02
-1.727353408932685852e-02 3.425036370754241943e-02
-1.651642471551895142e-02 3.394937515258789062e-02
-1.636509597301483154e-02 3.380519524216651917e-02
-1.560402661561965942e-02 3.345152735710144043e-02
-1.699052751064300537e-02 3.411506861448287964e-02
-1.576217263936996460e-02 3.364060074090957642e-02
-1.626863703131675720e-02 3.391118720173835754e-02
-1.566565036773681641e-02 3.369909524917602539e-02
-1.534008607268333435e-02 3.341632336378097534e-02
-1.419272273778915405e-02 3.282557427883148193e-02
-1.675125956535339355e-02 3.395527228713035583e-02
-1.548289507627487183e-02 3.351651877164840698e-02
-1.602859422564506531e-02 3.362827748060226440e-02
-1.608604937791824341e-02 3.380758315324783325e-02
-1.616251468658447266e-02 3.399331867694854736e-02
-1.540399342775344849e-02 3.356944024562835693e-02
-1.380854845046997070e-02 3.283495828509330750e-02
-1.346892490983009338e-02 3.236050531268119812e-02
-1.245010644197463989e-02 3.191436082124710083e-02
-1.675688102841377258e-02 3.412486612796783447e-02
-1.640533655881881714e-02 3.407146409153938293e-02
-1.648526638746261597e-02 3.419147431850433350e-02
-1.559945568442344666e-02 3.383756428956985474e-02
-1.489244028925895691e-02 3.355235233902931213e-02
-1.572508364915847778e-02 3.396452590823173523e-02
-1.548355072736740112e-02 3.394317254424095154e-02
-1.557008922100067139e-02 3.380163758993148804e-02
-1.633870974183082581e-02 3.414210677146911621e-02
-1.547453552484512329e-02 3.383076190948486328e-02
-1.568283140659332275e-02 3.379761427640914917e-02
-1.482735201716423035e-02 3.355581685900688171e-02
-1.506449654698371887e-02 3.357935696840286255e-02
-1.567212864756584167e-02 3.380225971341133118e-02
-1.462183892726898193e-02 3.342705965042114258e-02
-1.382111757993698120e-02 3.310044854879379272e-02
-1.400482654571533203e-02 3.304814174771308899e-02
-1.352173089981079102e-02 3.295082226395606995e-02
-1.525709778070449829e-02 3.374476730823516846e-02
-1.443313062191009521e-02 3.336513787508010864e-02
-1.417384296655654907e-02 3.316155448555946350e-02
-1.529198139905929565e-02 3.361807018518447876e-02
-1.314898580312728882e-02 3.262650594115257263e-02
-1.413485407829284668e-02 3.310708701610565186e-02
-1.421323046088218689e-02 3.313077241182327271e-02
-1.424667239189147949e-02 3.327950462698936462e-02
-1.408465206623077393e-02 3.318633511662483215e-02
-1.389392837882041931e-02 3.300011157989501953e-02
-1.366452127695083618e-02 3.289091214537620544e-02
-1.331353187561035156e-02 3.276332095265388489e-02
-1.447683572769165039e-02 3.326200693845748901e-02
-1.421958953142166138e-02 3.303176909685134888e-02
-1.355068385601043701e-02 3.274763375520706177e-02
-1.416125893592834473e-02 3.317854553461074829e-02
-1.351397484540939331e-02 3.283432498574256897e-02
-1.343623176217079163e-02 3.283862769603729248e-02
-1.330601423978805542e-02 3.273143991827964783e-02
-1.386361569166183472e-02 3.296851366758346558e-02
-1.414027065038681030e-02 3.306437283754348755e-02
-1.328174769878387451e-02 3.259149566292762756e-02
-1.400214806199073792e-02 3.300218656659126282e-02
-1.490373909473419189e-02 3.335466235876083374e-02
-1.461328938603401184e-02 3.316849097609519958e-02
-1.447551697492599487e-02 3.327602520585060120e-02
-1.484888792037963867e-02 3.342422842979431152e-02
-1.487299054861068726e-02 3.330288827419281006e-02
-1.473839953541755676e-02 3.339575231075286865e-02
-1.397174224257469177e-02 3.312854468822479248e-02
-1.475180685520172119e-02 3.341291844844818115e-02
-1.444376260042190552e-02 3.327627480030059814e-02
-1.566442847251892090e-02 3.362572938203811646e-02
-1.482103019952774048e-02 3.333958238363265991e-02
-1.594639569520950317e-02 3.385240212082862854e-02
-1.640588045120239258e-02 3.419843688607215881e-02
-1.609381288290023804e-02 3.400333970785140991e-02
-1.655796170234680176e-02 3.425285220146179199e-02
-1.552776247262954712e-02 3.379703685641288757e-02
-1.611061394214630127e-02 3.404167667031288147e-02
-1.593987271189689636e-02 3.396879881620407104e-02
-1.563839614391326904e-02 3.386872634291648865e-02
-1.351789012551307678e-02 3.276623040437698364e-02
-1.611163467168807983e-02 3.401214629411697388e-02
-1.466814428567886353e-02 3.335715085268020630e-02
-1.476078853011131287e-02 3.340203687548637390e-02
-1.474256068468093872e-02 3.351619094610214233e-02
-1.655496284365653992e-02 3.423276171088218689e-02
-1.526893675327301025e-02 3.357534483075141907e-02
-1.637531071901321411e-02 3.428094089031219482e-02
-1.615778356790542603e-02 3.416188806295394897e-02
-1.690995693206787109e-02 3.445594385266304016e-02
-1.552007347345352173e-02 3.389933705329895020e-02
-1.513570547103881836e-02 3.360854089260101318e-02
-1.503591984510421753e-02 3.347504138946533203e-02
-1.573961228132247925e-02 3.399190306663513184e-02
-1.675269752740859985e-02 3.437423333525657654e-02
-1.616529375314712524e-02 3.427485376596450806e-02
-1.620283722877502441e-02 3.419452533125877380e-02
-1.570037007331848145e-02 3.411125764250755310e-02
-1.624794304370880127e-02 3.427954763174057007e-02
-1.610045135021209717e-02 3.418491780757904053e-02
-1.578057557344436646e-02 3.414328023791313171e-02
-1.689103245735168457e-02 3.474171832203865051e-02
-1.673361659049987793e-02 3.456288948655128479e-02
-1.474156975746154785e-02 3.370466828346252441e-02
-1.448214054107666016e-02 3.346524387598037720e-02
-1.377194002270698547e-02 3.316143900156021118e-02
-1.329566165804862976e-02 3.300162404775619507e-02
-1.399955153465270996e-02 3.335981816053390503e-02
-1.304656639695167542e-02 3.277545422315597534e-02
-1.328916847705841064e-02 3.301847726106643677e-02
-1.540999114513397217e-02 3.401153534650802612e-02
-1.320657506585121155e-02 3.303565457463264465e-02
-1.359907537698745728e-02 3.324096649885177612e-02
-1.600255817174911499e-02 3.440888226032257080e-02
-1.433932781219482422e-02 3.358205035328865051e-02
-1.182457059621810913e-02 3.230164945125579834e-02
-1.501847803592681885e-02 3.382615745067596436e-02
-1.469974219799041748e-02 3.358496725559234619e-02
-1.484192907810211182e-02 3.361325338482856750e-02
-1.388766616582870483e-02 3.318569064140319824e-02
-1.411020755767822266e-02 3.326502442359924316e-02
-1.455752179026603699e-02 3.347146511077880859e-02
-1.476645097136497498e-02 3.356832638382911682e-02
-1.461347937583923340e-02 3.362208604812622070e-02
-1.443522423505783081e-02 3.355765715241432190e-02
-1.432786881923675537e-02 3.351336345076560974e-02
-1.427800953388214111e-02 3.347897157073020935e-02
-1.341637596487998962e-02 3.294069692492485046e-02
-1.334016770124435425e-02 3.291353583335876465e-02
-1.273942738771438599e-02 3.271373733878135681e-02
-1.327845081686973572e-02 3.301269933581352234e-02
-1.174660772085189819e-02 3.223260119557380676e-02
-1.262596249580383301e-02 3.264812380075454712e-02
-1.392834261059761047e-02 3.338618203997612000e-02
-1.450923830270767212e-02 3.347484767436981201e-02
-1.340081915259361267e-02 3.313170745968818665e-02
-1.358781009912490845e-02 3.310762345790863037e-02
-1.345865428447723389e-02 3.289737924933433533e-02
-1.173323392868041992e-02 3.234012424945831299e-02
-1.306650042533874512e-02 3.295250609517097473e-02
-1.333726570010185242e-02 3.297194465994834900e-02
-1.195653527975082397e-02 3.242947906255722046e-02
-1.194635406136512756e-02 3.232651576399803162e-02
-1.308054849505424500e-02 3.284225612878799438e-02
-1.167863607406616211e-02 3.223150223493576050e-02
-1.308627426624298096e-02 3.279406949877738953e-02
-1.202373206615447998e-02 3.228058665990829468e-02
-1.189855486154556274e-02 3.232588618993759155e-02
-1.275300979614257812e-02 3.266755118966102600e-02
-1.265918835997581482e-02 3.262896463274955750e-02
-1.405622810125350952e-02 3.321703523397445679e-02
-1.397320255637168884e-02 3.318483754992485046e-02
-1.246674358844757080e-02 3.246768563985824585e-02
-1.197277009487152100e-02 3.227566182613372803e-02
-1.325480267405509949e-02 3.297951444983482361e-02
-1.374659687280654907e-02 3.303346037864685059e-02
-1.380195468664169312e-02 3.314401581883430481e-02
-1.267720013856887817e-02 3.256520628929138184e-02
-1.242509484291076660e-02 3.247161209583282471e-02
-1.403099671006202698e-02 3.321692347526550293e-02
-1.345476508140563965e-02 3.286807239055633545e-02
-1.342991739511489868e-02 3.298048302531242371e-02
-1.418081670999526978e-02 3.344261646270751953e-02
-1.372215896844863892e-02 3.330076858401298523e-02
-1.388883590698242188e-02 3.323193639516830444e-02
-1.379148662090301514e-02 3.317835927009582520e-02
-1.483926922082901001e-02 3.384080156683921814e-02
-1.367778331041336060e-02 3.331349790096282959e-02
-1.439017057418823242e-02 3.365473821759223938e-02
-1.422503218054771423e-02 3.345541656017303467e-02
-1.497633010149002075e-02 3.382015228271484375e-02
-1.562720909714698792e-02 3.405775502324104309e-02
-1.424436271190643311e-02 3.331999853253364563e-02
-1.380735635757446289e-02 3.326290100812911987e-02
-1.406879723072052002e-02 3.356269374489784241e-02
-1.239952072501182556e-02 3.278078138828277588e-02
-1.272623986005783081e-02 3.283377736806869507e-02
-1.296865195035934448e-02 3.306145966053009033e-02
-1.325701177120208740e-02 3.308343142271041870e-02
-1.310439035296440125e-02 3.312907740473747253e-02
-1.207906007766723633e-02 3.272056579589843750e-02
-1.327051222324371338e-02 3.306598216295242310e-02
-1.329596340656280518e-02 3.333721682429313660e-02
-1.428941637277603149e-02 3.359530866146087646e-02
-1.432870328426361084e-02 3.369547426700592041e-02
-1.357857882976531982e-02 3.325139731168746948e-02
-1.315551251173019409e-02 3.297744318842887878e-02
-1.204834878444671631e-02 3.268203884363174438e-02
-1.224733889102935791e-02 3.267958387732505798e-02
-1.388101279735565186e-02 3.332438319921493530e-02
-1.242274418473243713e-02 3.279617056250572205e-02
-1.341374963521957397e-02 3.326885402202606201e-02
-1.271136850118637085e-02 3.293755650520324707e-02
-1.278586313128471375e-02 3.287511318922042847e-02
-1.282841712236404419e-02 3.282210230827331543e-02
-1.347269862890243530e-02 3.318288922309875488e-02
-1.304028183221817017e-02 3.294919431209564209e-02
-1.356313005089759827e-02 3.327373415231704712e-02
-1.446064934134483337e-02 3.360360488295555115e-02
-1.514218747615814209e-02 3.390239179134368896e-02
-1.586855202913284302e-02 3.432292863726615906e-02
-1.359439268708229065e-02 3.329813480377197266e-02
-1.378482580184936523e-02 3.332053497433662415e-02
-1.370293647050857544e-02 3.332158178091049194e-02
-1.291636377573013306e-02 3.299473971128463745e-02
-1.270814612507820129e-02 3.292836248874664307e-02
-1.179742068052291870e-02 3.241060301661491394e-02
-1.109418272972106934e-02 3.218083083629608154e-02
-1.069610565900802612e-02 3.198321908712387085e-02
-1.134846359491348267e-02 3.218139335513114929e-02
-1.100632548332214355e-02 3.214798122644424438e-02
-1.168349385261535645e-02 3.241759538650512695e-02
-1.179374009370803833e-02 3.268261998891830444e-02
-1.129687577486038208e-02 3.237048536539077759e-02
-1.209229975938796997e-02 3.264952823519706726e-02
-1.300956308841705322e-02 3.305589407682418823e-02
-1.446882635354995728e-02 3.370599448680877686e-02
-1.337108016014099121e-02 3.324872627854347229e-02
-1.289732009172439575e-02 3.311676159501075745e-02
-1.340463012456893921e-02 3.324245661497116089e-02
-1.337070018053054810e-02 3.327205404639244080e-02
-1.266566291451454163e-02 3.289922326803207397e-02
-1.336472481489181519e-02 3.324140608310699463e-02
-1.432416588068008423e-02 3.363577276468276978e-02
-1.395288109779357910e-02 3.351780772209167480e-02
-1.404547691345214844e-02 3.356535360217094421e-02
-1.405653357505798340e-02 3.350450098514556885e-02
-1.372298970818519592e-02 3.347374871373176575e-02
-1.229914277791976929e-02 3.294152021408081055e-02
-1.366353780031204224e-02 3.350321948528289795e-02
-1.219360157847404480e-02 3.274440392851829529e-02
-1.228731125593185425e-02 3.293329849839210510e-02
-1.228381693363189697e-02 3.287096321582794189e-02
-1.174185425043106079e-02 3.274556249380111694e-02
-9.944438934326171875e-03 3.189739957451820374e-02
-1.145136356353759766e-02 3.258121758699417114e-02
-1.141584664583206177e-02 3.245059400796890259e-02
-1.112581044435501099e-02 3.222141414880752563e-02
-9.897690266370773315e-03 3.177238255739212036e-02
-9.247075766324996948e-03 3.151545673608779907e-02
-8.848324418067932129e-03 3.118930384516716003e-02
-1.008221507072448730e-02 3.167329728603363037e-02
-9.426809847354888916e-03 3.141698986291885376e-02
-8.384093642234802246e-03 3.083172440528869629e-02
-7.443487644195556641e-03 3.033339604735374451e-02
-7.786706089973449707e-03 3.065553493797779083e-02
-7.983010262250900269e-03 3.074606880545616150e-02
-8.437760174274444580e-03 3.084514290094375610e-02
-8.388243615627288818e-03 3.077327087521553040e-02
-9.827550500631332397e-03 3.149450570344924927e-02
-9.068727493286132812e-03 3.104211017489433289e-02
-9.097050875425338745e-03 3.106463700532913208e-02
-1.017766073346138000e-02 3.163360059261322021e-02
-1.102752611041069031e-02 3.203661739826202393e-02
-1.151057332754135132e-02 3.220985457301139832e-02
-1.044773310422897339e-02 3.178897872567176819e-02
-9.951833635568618774e-03 3.155919536948204041e-02
-1.052833348512649536e-02 3.175854682922363281e-02
-9.352095425128936768e-03 3.114955127239227295e-02
-8.905746042728424072e-03 3.102992847561836243e-02
-9.183902293443679810e-03 3.102401643991470337e-02
-9.926158934831619263e-03 3.141100332140922546e-02
-7.564783096313476562e-03 3.047426789999008179e-02
-8.098855614662170410e-03 3.057222440838813782e-02
-9.516038000583648682e-03 3.110169246792793274e-02
-8.756302297115325928e-03 3.076531738042831421e-02
-8.409313857555389404e-03 3.066457808017730713e-02
-9.536687284708023071e-03 3.118545562028884888e-02
-9.625770151615142822e-03 3.117636963725090027e-02
-8.373126387596130371e-03 3.050016425549983978e-02
-9.671997278928756714e-03 3.128552436828613281e-02
-9.475421160459518433e-03 3.116716071963310242e-02
-9.729944169521331787e-03 3.125100582838058472e-02
-9.765565395355224609e-03 3.119728155434131622e-02
-1.039633527398109436e-02 3.146182373166084290e-02
-9.667325764894485474e-03 3.113382123410701752e-02
-1.007468998432159424e-02 3.134114295244216919e-02
-1.044278591871261597e-02 3.148572519421577454e-02
-1.074193418025970459e-02 3.150064498186111450e-02
-1.037850975990295410e-02 3.136950731277465820e-02
-1.049389690160751343e-02 3.143742308020591736e-02
-1.044753193855285645e-02 3.149129822850227356e-02
-1.077706739306449890e-02 3.154422342777252197e-02
-1.008935272693634033e-02 3.121826797723770142e-02
-1.034399121999740601e-02 3.125654906034469604e-02
-1.072028279304504395e-02 3.151363879442214966e-02
-1.042761653661727905e-02 3.139123320579528809e-02
-1.024601235985755920e-02 3.127380460500717163e-02
-9.919807314872741699e-03 3.122217021882534027e-02
-1.079645007848739624e-02 3.154727071523666382e-02
-1.152788847684860229e-02 3.190301358699798584e-02
-1.144030690193176270e-02 3.194652497768402100e-02
-1.151943206787109375e-02 3.192680329084396362e-02
-1.192234456539154053e-02 3.202245756983757019e-02
-1.158767938613891602e-02 3.187610954046249390e-02
-1.105739548802375793e-02 3.171228244900703430e-02
-1.084988564252853394e-02 3.155261278152465820e-02
-1.138924062252044678e-02 3.186051547527313232e-02
-1.191563904285430908e-02 3.216594830155372620e-02
-1.087434962391853333e-02 3.159098327159881592e-02
-1.200293377041816711e-02 3.209188953042030334e-02
-1.162873208522796631e-02 3.177739679813385010e-02
-1.193471997976303101e-02 3.187128901481628418e-02
-1.189094036817550659e-02 3.183782473206520081e-02
-1.248323172330856323e-02 3.221718594431877136e-02
-1.351777464151382446e-02 3.262664377689361572e-02
-1.157389208674430847e-02 3.183143958449363708e-02
-9.948611259460449219e-03 3.115011751651763916e-02
-1.002500578761100769e-02 3.102087974548339844e-02
-1.054380834102630615e-02 3.143337368965148926e-02
-1.157950609922409058e-02 3.191597014665603638e-02
-1.140302419662475586e-02 3.162719681859016418e-02
-1.162040606141090393e-02 3.182681649923324585e-02
-1.001830399036407471e-02 3.104687295854091644e-02
-1.009537279605865479e-02 3.121677972376346588e-02
-1.005278527736663818e-02 3.100595436990261078e-02
-1.288799941539764404e-02 3.236392512917518616e-02
-9.497545659542083740e-03 3.090423718094825745e-02
-1.009758189320564270e-02 3.130659461021423340e-02
-1.008969172835350037e-02 3.129787370562553406e-02
-1.090623438358306885e-02 3.151129931211471558e-02
-1.223747432231903076e-02 3.192223981022834778e-02
-1.099746674299240112e-02 3.160384297370910645e-02
-1.028692349791526794e-02 3.138445317745208740e-02
-9.045012295246124268e-03 3.049192205071449280e-02
-8.057940751314163208e-03 2.980727329850196838e-02
-5.965426564216613770e-03 2.884424477815628052e-02
-5.221463739871978760e-03 2.846574038267135620e-02
-2.861782908439636230e-03 2.742616459727287292e-02
-8.294500410556793213e-03 3.047421574592590332e-02
-1.114209741353988647e-02 3.176980093121528625e-02
-1.185972243547439575e-02 3.215745836496353149e-02
-1.263878494501113892e-02 3.253990411758422852e-02
-1.204948872327804565e-02 3.195812553167343140e-02
-1.322057843208312988e-02 3.260971233248710632e-02
-1.371698826551437378e-02 3.286548703908920288e-02
-1.260341331362724304e-02 3.225103393197059631e-02
-1.265506446361541748e-02 3.197060897946357727e-02
-1.222048699855804443e-02 3.207494318485260010e-02
-1.312978193163871765e-02 3.251936286687850952e-02
-1.262211427092552185e-02 3.234899044036865234e-02
-1.225127279758453369e-02 3.205627575516700745e-02
-1.383748650550842285e-02 3.277201205492019653e-02
-1.246545836329460144e-02 3.210094943642616272e-02
-1.055493205785751343e-02 3.123621642589569092e-02
-1.033692061901092529e-02 3.111782670021057129e-02
-9.046167135238647461e-03 3.044775500893592834e-02
-9.343594312667846680e-03 3.066731058061122894e-02
-1.065998524427413940e-02 3.109955042600631714e-02
-1.095300167798995972e-02 3.143702819943428040e-02
-1.017810776829719543e-02 3.107849322259426117e-02
-1.117075979709625244e-02 3.142007440328598022e-02
-9.830445051193237305e-03 3.086839243769645691e-02
-7.677998393774032593e-03 2.990889176726341248e-02
-5.727462470531463623e-03 2.924532815814018250e-02
-5.465909838676452637e-03 2.907076105475425720e-02
-6.830029189586639404e-03 2.971652708947658539e-02
-4.976838827133178711e-03 2.889364212751388550e-02
-5.196280777454376221e-03 2.884597517549991608e-02
-2.763733267784118652e-03 2.772750146687030792e-02
-2.010002732276916504e-03 2.736844122409820557e-02
-2.972938120365142822e-03 2.782441303133964539e-02
-4.793107509613037109e-03 2.846961468458175659e-02
-2.480499446392059326e-03 2.780380472540855408e-02
-2.603553235530853271e-03 2.797593921422958374e-02
-5.199119448661804199e-03 2.890672907233238220e-02
-9.860787540674209595e-03 3.126657009124755859e-02
-8.655358105897903442e-03 3.056656569242477417e-02
-9.153306484222412109e-03 3.075506910681724548e-02
-9.228140115737915039e-03 3.083189204335212708e-02
-7.129460573196411133e-03 2.980442717671394348e-02
-7.005807012319564819e-03 2.982664108276367188e-02
-7.508240640163421631e-03 3.004652261734008789e-02
-7.207684218883514404e-03 3.014224767684936523e-02
-7.822640240192413330e-03 3.044009022414684296e-02
-7.757671177387237549e-03 3.028228878974914551e-02
-8.795261383056640625e-03 3.070812486112117767e-02
-7.382996380329132080e-03 3.007768839597702026e-02
-9.016234427690505981e-03 3.093993663787841797e-02
-7.413126528263092041e-03 3.010337799787521362e-02
-9.053483605384826660e-03 3.084482252597808838e-02
-8.561253547668457031e-03 3.062970936298370361e-02
-9.160246700048446655e-03 3.104324452579021454e-02
-8.635982871055603027e-03 3.069041483104228973e-02
-7.993374019861221313e-03 3.042597696185112000e-02
-8.632108569145202637e-03 3.078449517488479614e-02
-1.057289913296699524e-02 3.163528069853782654e-02
-8.174892514944076538e-03 3.056187555193901062e-02
-7.905475795269012451e-03 3.051378764212131500e-02
-9.733282029628753662e-03 3.148070722818374634e-02
-9.674601256847381592e-03 3.139508888125419617e-02
-9.372957050800323486e-03 3.118376061320304871e-02
-8.394122123718261719e-03 3.088992089033126831e-02
-9.603444486856460571e-03 3.140213340520858765e-02
-1.056331023573875427e-02 3.181949257850646973e-02
-8.219335228204727173e-03 3.071225807070732117e-02
-8.952569216489791870e-03 3.116226568818092346e-02
-1.001408696174621582e-02 3.159338235855102539e-02
-9.795799851417541504e-03 3.122750297188758850e-02
-8.611254394054412842e-03 3.081164509057998657e-02
-9.121362119913101196e-03 3.134847059845924377e-02
-8.658811450004577637e-03 3.094349056482315063e-02
-8.380569517612457275e-03 3.074201010167598724e-02
-5.985289812088012695e-03 2.959180623292922974e-02
-7.277242839336395264e-03 2.999662607908248901e-02
-7.651723921298980713e-03 3.018753975629806519e-02
-8.054330945014953613e-03 3.016006946563720703e-02
-7.456496357917785645e-03 3.022843226790428162e-02
-6.079606711864471436e-03 2.964974567294120789e-02
-6.393175572156906128e-03 2.978665009140968323e-02
-8.067984133958816528e-03 3.049019351601600647e-02
-8.100718259811401367e-03 3.054061159491539001e-02
-7.987864315509796143e-03 3.043906763195991516e-02
-9.705528616905212402e-03 3.113568201661109924e-02
-1.148688048124313354e-02 3.205736726522445679e-02
-9.614586830139160156e-03 3.129128739237785339e-02
-9.010717272758483887e-03 3.103156015276908875e-02
-8.273199200630187988e-03 3.065728768706321716e-02
-7.662381976842880249e-03 3.044650517404079437e-02
-9.705588221549987793e-03 3.133019432425498962e-02
-8.151724934577941895e-03 3.060979582369327545e-02
-8.111298084259033203e-03 3.056711331009864807e-02
-7.907938212156295776e-03 3.056838922202587128e-02
-6.497863680124282837e-03 2.996112406253814697e-02
-9.306140244007110596e-03 3.130613639950752258e-02
-9.713690727949142456e-03 3.154395148158073425e-02
-1.127798110246658325e-02 3.220652788877487183e-02
-1.003284752368927002e-02 3.174769133329391479e-02
-9.745649993419647217e-03 3.166245669126510620e-02
-9.436503052711486816e-03 3.164522349834442139e-02
-1.105900108814239502e-02 3.236360847949981689e-02
-1.024305447936058044e-02 3.197020292282104492e-02
-9.846504777669906616e-03 3.158839046955108643e-02
-1.087652519345283508e-02 3.223668038845062256e-02
-9.127210825681686401e-03 3.150705993175506592e-02
-8.500032126903533936e-03 3.111961670219898224e-02
-8.480187505483627319e-03 3.114170208573341370e-02
-9.501058608293533325e-03 3.178664296865463257e-02
-1.007351651787757874e-02 3.207384794950485229e-02
-9.485885500907897949e-03 3.161246329545974731e-02
-8.785981684923171997e-03 3.161777183413505554e-02
-8.464530110359191895e-03 3.136664256453514099e-02
-7.922917604446411133e-03 3.095012158155441284e-02
-8.751504123210906982e-03 3.125281631946563721e-02
-7.964968681335449219e-03 3.094420582056045532e-02
-8.359149098396301270e-03 3.121016547083854675e-02
-7.142119109630584717e-03 3.057690337300300598e-02
-5.218975245952606201e-03 2.975123189389705658e-02
-4.859954118728637695e-03 2.958523109555244446e-02
-5.268804728984832764e-03 2.964024990797042847e-02
-6.512023508548736572e-03 3.016130067408084869e-02
-4.871740937232971191e-03 2.931850031018257141e-02
-4.541121423244476318e-03 2.906146645545959473e-02
-5.613118410110473633e-03 2.943866513669490814e-02
-4.191227257251739502e-03 2.901208400726318359e-02
-4.245579242706298828e-03 2.887777052819728851e-02
-4.436776041984558105e-03 2.884956449270248413e-02
-2.984419465065002441e-03 2.850116789340972900e-02
-3.137595951557159424e-03 2.868491783738136292e-02
-4.379861056804656982e-03 2.910975366830825806e-02
-3.424458205699920654e-03 2.847117558121681213e-02
-5.025565624237060547e-03 2.928558737039566040e-02
-2.286106348037719727e-03 2.780475094914436340e-02
-3.337904810905456543e-03 2.849363908171653748e-02
-5.372352898120880127e-03 2.939732000231742859e-02
-5.254179239273071289e-03 2.915241941809654236e-02
-6.323911249637603760e-03 2.957081794738769531e-02
-5.754142999649047852e-03 2.939579263329505920e-02
-6.188303232192993164e-03 2.959528565406799316e-02
-6.108418107032775879e-03 2.959881350398063660e-02
-6.421942263841629028e-03 2.986693009734153748e-02
-6.187908351421356201e-03 2.988271228969097137e-02
-7.672116160392761230e-03 3.055112436413764954e-02
-7.427282631397247314e-03 3.033499792218208313e-02
-7.793445140123367310e-03 3.042547404766082764e-02
-8.427068591117858887e-03 3.087235987186431885e-02
-8.513879030942916870e-03 3.086237236857414246e-02
-7.829051464796066284e-03 3.068624064326286316e-02
-1.069568842649459839e-02 3.210781514644622803e-02
-9.880751371383666992e-03 3.146750479936599731e-02
-8.545201271772384644e-03 3.104485757648944855e-02
-9.123735129833221436e-03 3.132470697164535522e-02
-9.821347892284393311e-03 3.150957077741622925e-02
-8.924067020416259766e-03 3.112751059234142303e-02
-9.250320494174957275e-03 3.125635534524917603e-02
-9.148649871349334717e-03 3.108498454093933105e-02
-8.813120424747467041e-03 3.087976574897766113e-02
-9.419914335012435913e-03 3.110638260841369629e-02
-9.333051741123199463e-03 3.079763613641262054e-02
-8.786730468273162842e-03 3.056032955646514893e-02
-9.825091809034347534e-03 3.100658580660820007e-02
-8.066788315773010254e-03 3.012408316135406494e-02
-9.487971663475036621e-03 3.099288232624530792e-02
-9.467132389545440674e-03 3.090241178870201111e-02
-1.004033535718917847e-02 3.125803917646408081e-02
-1.004678383469581604e-02 3.134832531213760376e-02
-9.283624589443206787e-03 3.100823611021041870e-02
-6.218835711479187012e-03 2.977541461586952209e-02
-8.275583386421203613e-03 3.104135021567344666e-02
-9.932581335306167603e-03 3.155907243490219116e-02
-9.017370641231536865e-03 3.089588880538940430e-02
-6.921201944351196289e-03 2.967790514230728149e-02
-3.633059561252593994e-03 2.839031815528869629e-02
-1.026548445224761963e-03 2.702068910002708435e-02
-5.323454737663269043e-03 2.904005721211433411e-02
-1.101796329021453857e-02 3.179138153791427612e-02
-1.165193319320678711e-02 3.201715648174285889e-02
-1.119506359100341797e-02 3.192046284675598145e-02
-1.343039423227310181e-02 3.292044997215270996e-02
-1.093431562185287476e-02 3.184888511896133423e-02
-1.218934357166290283e-02 3.227994218468666077e-02
-1.178546622395515442e-02 3.201059997081756592e-02
-1.047048717737197876e-02 3.138201683759689331e-02
-1.038957387208938599e-02 3.134033083915710449e-02
-1.127239316701889038e-02 3.178165107965469360e-02
-1.246975362300872803e-02 3.245314210653305054e-02
-1.308069750666618347e-02 3.261967375874519348e-02
-1.203502714633941650e-02 3.216135501861572266e-02
-1.261369511485099792e-02 3.252262249588966370e-02
-1.350551843643188477e-02 3.266458213329315186e-02
-1.218166947364807129e-02 3.202120587229728699e-02
-1.298801600933074951e-02 3.238065540790557861e-02
-1.528418436646461487e-02 3.349278867244720459e-02
-1.482193544507026672e-02 3.320594131946563721e-02
-1.306194812059402466e-02 3.239293396472930908e-02
-1.337373256683349609e-02 3.256382793188095093e-02
-1.298632472753524780e-02 3.234551846981048584e-02
-1.449349895119667053e-02 3.300198912620544434e-02
-1.389606669545173645e-02 3.278637677431106567e-02
-1.320432126522064209e-02 3.237453103065490723e-02
-1.231763511896133423e-02 3.200891613960266113e-02
-1.334691047668457031e-02 3.231804445385932922e-02
-1.352558657526969910e-02 3.226962313055992126e-02
-7.745914161205291748e-03 2.982467785477638245e-02
-9.248465299606323242e-03 3.097339347004890442e-02
-9.010285139083862305e-03 3.105621412396430969e-02
-1.032650470733642578e-02 3.125472366809844971e-02
-1.197627559304237366e-02 3.211122378706932068e-02
-1.016079634428024292e-02 3.143193200230598450e-02
-1.141963154077529907e-02 3.199517354369163513e-02
-9.686514735221862793e-03 3.115687519311904907e-02
-1.023910939693450928e-02 3.134510666131973267e-02
-8.542403578758239746e-03 3.067573159933090210e-02
-6.940245628356933594e-03 2.964930050075054169e-02
-8.979309350252151489e-03 3.062400966882705688e-02
-1.147774606943130493e-02 3.180471062660217285e-02
-9.355165064334869385e-03 3.070133365690708160e-02
-1.023542135953903198e-02 3.110048174858093262e-02
-7.138438522815704346e-03 2.990356646478176117e-02
-6.778232753276824951e-03 2.969519607722759247e-02
-9.175442159175872803e-03 3.066195547580718994e-02
-4.647463560104370117e-03 2.873588353395462036e-02
-3.726743161678314209e-03 2.811224013566970825e-02
-4.097998142242431641e-03 2.829071693122386932e-02
-6.851412355899810791e-03 2.941466867923736572e-02
-8.326433598995208740e-03 3.015956282615661621e-02
-8.465290069580078125e-03 3.018480166792869568e-02
-7.066804915666580200e-03 2.948543429374694824e-02
-6.892859935760498047e-03 2.955785952508449554e-02
-9.895756840705871582e-03 3.108845278620719910e-02
-8.180938661098480225e-03 3.034360706806182861e-02
-1.238453015685081482e-02 3.222407400608062744e-02
-1.185411214828491211e-02 3.229723498225212097e-02
-1.134306192398071289e-02 3.195770457386970520e-02
-1.238361373543739319e-02 3.248104080557823181e-02
-1.432857662439346313e-02 3.341174870729446411e-02
-1.374196633696556091e-02 3.301019966602325439e-02
-1.187231764197349548e-02 3.218707069754600525e-02
-9.585794061422348022e-03 3.138656914234161377e-02
-1.097676157951354980e-02 3.208233416080474854e-02
-1.261441409587860107e-02 3.251227363944053650e-02
-1.147906482219696045e-02 3.213740512728691101e-02
-1.097255200147628784e-02 3.197309002280235291e-02
-9.066935628652572632e-03 3.105436265468597412e-02
-1.153427362442016602e-02 3.209193423390388489e-02
-1.221335679292678833e-02 3.255225345492362976e-02
-1.325424015522003174e-02 3.260721266269683838e-02
-1.284204795956611633e-02 3.279702365398406982e-02
-1.183609291911125183e-02 3.215030208230018616e-02
-1.154467463493347168e-02 3.174197301268577576e-02
-1.388368383049964905e-02 3.303451463580131531e-02
-1.563691720366477966e-02 3.375381231307983398e-02
-1.456820964813232422e-02 3.326541185379028320e-02
-1.451257616281509399e-02 3.334769606590270996e-02
-1.308657974004745483e-02 3.282877802848815918e-02
-1.498409360647201538e-02 3.364103287458419800e-02
-1.486818492412567139e-02 3.368780761957168579e-02
-1.497650146484375000e-02 3.358688205480575562e-02
-1.341575384140014648e-02 3.290780261158943176e-02
-1.600105315446853638e-02 3.428755700588226318e-02
-1.381761580705642700e-02 3.317427262663841248e-02
-1.345097646117210388e-02 3.288600221276283264e-02
-1.300259679555892944e-02 3.276822715997695923e-02
-1.149028167128562927e-02 3.205325454473495483e-02
-1.287844032049179077e-02 3.234983235597610474e-02
-1.345096156001091003e-02 3.289819508790969849e-02
-1.194457337260246277e-02 3.196148946881294250e-02
-1.201778650283813477e-02 3.221017122268676758e-02
-1.339620351791381836e-02 3.263729065656661987e-02
-1.296065747737884521e-02 3.239274024963378906e-02
-1.109706610441207886e-02 3.178070485591888428e-02
-1.118331030011177063e-02 3.178375959396362305e-02
-1.135032996535301208e-02 3.193620592355728149e-02
-1.208833605051040649e-02 3.212926909327507019e-02
-1.126631721854209900e-02 3.170695528388023376e-02
-1.151259616017341614e-02 3.188554570078849792e-02
-1.128952950239181519e-02 3.165633231401443481e-02
-1.133100315928459167e-02 3.175641596317291260e-02
-1.123066991567611694e-02 3.174548968672752380e-02
-9.693995118141174316e-03 3.098139353096485138e-02
-9.726539254188537598e-03 3.109037131071090698e-02
-1.028133928775787354e-02 3.146658092737197876e-02
-1.206317171454429626e-02 3.229457885026931763e-02
-9.215645492076873779e-03 3.107135929167270660e-02
-9.482726454734802246e-03 3.108015470206737518e-02
-1.003425195813179016e-02 3.143527731299400330e-02
-1.126956567168235779e-02 3.196851909160614014e-02
-1.015517115592956543e-02 3.163116797804832458e-02
-1.122302561998367310e-02 3.178833797574043274e-02
-9.714182466268539429e-03 3.110613673925399780e-02
-8.509926497936248779e-03 3.060339950025081635e-02
-9.179800748825073242e-03 3.080736845731735229e-02
-1.064943522214889526e-02 3.151100128889083862e-02
-1.045436412096023560e-02 3.167364746332168579e-02
-9.084314107894897461e-03 3.091141581535339355e-02
-9.032808244228363037e-03 3.100374341011047363e-02
-9.940281510353088379e-03 3.142927214503288269e-02
-1.116774231195449829e-02 3.189356252551078796e-02
-9.318605065345764160e-03 3.119292296469211578e-02
-1.073301583528518677e-02 3.155636042356491089e-02
-9.890414774417877197e-03 3.109961189329624176e-02
-1.055932417511940002e-02 3.135957196354866028e-02
-1.241499185562133789e-02 3.231422975659370422e-02
-1.172859221696853638e-02 3.193215280771255493e-02
-1.053780317306518555e-02 3.136207535862922668e-02
-1.073856651782989502e-02 3.139030188322067261e-02
-1.007241010665893555e-02 3.099707141518592834e-02
-1.004284992814064026e-02 3.109391778707504272e-02
-9.829837828874588013e-03 3.127050027251243591e-02
-1.111208274960517883e-02 3.185806795954704285e-02
-9.949631989002227783e-03 3.130123019218444824e-02
-8.737843483686447144e-03 3.087982721626758575e-02
-1.101803779602050781e-02 3.185743466019630432e-02
-9.268756955862045288e-03 3.115502931177616119e-02
-1.149233803153038025e-02 3.193586319684982300e-02
-1.173486560583114624e-02 3.189805895090103149e-02
-8.495610207319259644e-03 3.074162453413009644e-02
-1.057689636945724487e-02 3.151129931211471558e-02
-9.534604847431182861e-03 3.116355836391448975e-02
-1.092874258756637573e-02 3.174029663205146790e-02
-1.026329770684242249e-02 3.166599944233894348e-02
-1.076138764619827271e-02 3.175666555762290955e-02
-1.161373779177665710e-02 3.219657763838768005e-02
-1.162318885326385498e-02 3.224218636751174927e-02
-1.136170327663421631e-02 3.221692144870758057e-02
-1.009359955787658691e-02 3.182779252529144287e-02
-9.883128106594085693e-03 3.152908012270927429e-02
-8.900940418243408203e-03 3.114758431911468506e-02
-7.618989795446395874e-03 3.041638247668743134e-02
-1.098796725273132324e-02 3.219319134950637817e-02
-9.046822786331176758e-03 3.120588511228561401e-02
-9.390093386173248291e-03 3.124962747097015381e-02
-8.942212909460067749e-03 3.111911192536354065e-02
-8.443571627140045166e-03 3.079138696193695068e-02
-8.947815746068954468e-03 3.116067871451377869e-02
-6.601922214031219482e-03 3.015831299126148224e-02
-1.077732816338539124e-02 3.220043331384658813e-02
-8.548043668270111084e-03 3.077071532607078552e-02
-8.232206106185913086e-03 3.056380897760391235e-02
-6.906226277351379395e-03 3.014941141009330750e-02
-7.073059678077697754e-03 3.029221296310424805e-02
-3.835275769233703613e-03 2.886403724551200867e-02
-1.008708775043487549e-02 3.167160227894783020e-02
-1.027005165815353394e-02 3.177185356616973877e-02
-1.006065309047698975e-02 3.163160383701324463e-02
-1.021866500377655029e-02 3.159881755709648132e-02
-1.030844449996948242e-02 3.165772557258605957e-02
-9.287022054195404053e-03 3.114089369773864746e-02
-9.832546114921569824e-03 3.131580352783203125e-02
-8.726298809051513672e-03 3.073625639081001282e-02
-8.164722472429275513e-03 3.046877309679985046e-02
-7.476519793272018433e-03 3.010636195540428162e-02
-5.798868834972381592e-03 2.912195771932601929e-02
-5.306541919708251953e-03 2.893010154366493225e-02
-4.567131400108337402e-03 2.864935621619224548e-02
-4.710733890533447266e-03 2.859631925821304321e-02
-5.809068679809570312e-03 2.914753556251525879e-02
-5.352109670639038086e-03 2.888396382331848145e-02
-4.099249839782714844e-03 2.830455452203750610e-02
-2.566747367382049561e-03 2.764854021370410919e-02
-2.410873770713806152e-03 2.728909626603126526e-02
-2.771347761154174805e-03 2.763302810490131378e-02
-4.038475453853607178e-03 2.820874005556106567e-02
-4.081614315509796143e-03 2.818473055958747864e-02
-4.247725009918212891e-03 2.828548103570938110e-02
-2.317547798156738281e-03 2.722678333520889282e-02
-2.767503261566162109e-03 2.752075344324111938e-02
-7.870346307754516602e-04 2.672334015369415283e-02
-1.437619328498840332e-03 2.678191661834716797e-02
-4.578717052936553955e-03 2.829656004905700684e-02
-3.564804792404174805e-03 2.782440185546875000e-02
-3.448225557804107666e-03 2.761426009237766266e-02
-3.185719251632690430e-03 2.735561504960060120e-02
-3.789447247982025146e-03 2.765109390020370483e-02
-3.193385899066925049e-03 2.735915035009384155e-02
-2.907864749431610107e-03 2.715456113219261169e-02
-3.279291093349456787e-03 2.708652243018150330e-02
-2.527512609958648682e-03 2.684275805950164795e-02
-1.745060086250305176e-03 2.655506134033203125e-02
-2.806380391120910645e-03 2.719059213995933533e-02
-2.308070659637451172e-03 2.685383707284927368e-02
-1.144185662269592285e-03 2.640485391020774841e-02
-1.552753150463104248e-03 2.660420909523963928e-02
-3.574952483177185059e-03 2.751480415463447571e-02
-4.122659564018249512e-03 2.781537920236587524e-02
-4.418849945068359375e-03 2.778888866305351257e-02
-3.241062164306640625e-03 2.722791582345962524e-02
-4.320822656154632568e-03 2.773970365524291992e-02
-3.761425614356994629e-03 2.758515253663063049e-02
-3.772884607315063477e-03 2.749781310558319092e-02
-4.114918410778045654e-03 2.761925756931304932e-02
-3.381684422492980957e-03 2.724041789770126343e-02
-2.751685678958892822e-03 2.703506126999855042e-02
-1.552246510982513428e-03 2.643822133541107178e-02
-2.743117511272430420e-03 2.709431573748588562e-02
-2.247355878353118896e-03 2.678953111171722412e-02
-1.350998878479003906e-03 2.631789818406105042e-02
-1.376934349536895752e-03 2.642399072647094727e-02
-2.948150038719177246e-03 2.720839530229568481e-02
-3.032095730304718018e-03 2.713434770703315735e-02
-2.947911620140075684e-03 2.711224555969238281e-02
-4.236847162246704102e-04 2.609897404909133911e-02
-3.126412630081176758e-03 2.732494473457336426e-02
-1.106083393096923828e-03 2.638713270425796509e-02
5.863383412361145020e-04 2.583509683609008789e-02
-2.321004867553710938e-04 2.605111896991729736e-02
-8.192956447601318359e-04 2.637523412704467773e-02
4.953891038894653320e-04 2.576238662004470825e-02
2.735331654548645020e-04 2.588822320103645325e-02
1.594930887222290039e-03 2.526892349123954773e-02
2.972185611724853516e-04 2.589461207389831543e-02
3.169924020767211914e-04 2.594151347875595093e-02
1.452900469303131104e-03 2.540614828467369080e-02
8.039847016334533691e-04 2.567002177238464355e-02
1.155778765678405762e-03 2.556554600596427917e-02
3.089450299739837646e-03 2.464376762509346008e-02
8.846670389175415039e-04 2.556113153696060181e-02
1.084834337234497070e-03 2.572676911950111389e-02
5.547627806663513184e-04 2.566942572593688965e-02
9.989216923713684082e-04 2.538351714611053467e-02
-4.404783248901367188e-05 2.583191543817520142e-02
-8.311048150062561035e-04 2.638823166489601135e-02
-2.525217831134796143e-03 2.729194238781929016e-02
-2.175182104110717773e-03 2.699652686715126038e-02
-3.652617335319519043e-03 2.763086929917335510e-02
-3.808706998825073242e-03 2.771734073758125305e-02
-2.993822097778320312e-03 2.714820206165313721e-02
-2.723254263401031494e-03 2.733036875724792480e-02
2.829015254974365234e-03 2.494131773710250854e-02
1.879155635833740234e-03 2.516257762908935547e-02
1.015767455101013184e-03 2.534508705139160156e-02
-3.167241811752319336e-04 2.588045969605445862e-02
-1.559048891067504883e-03 2.662792429327964783e-02
-2.894997596740722656e-04 2.604750916361808777e-02
-1.377403736114501953e-03 2.649150788784027100e-02
-4.263177514076232910e-03 2.782750502228736877e-02
-4.202120006084442139e-03 2.783617749810218811e-02
-3.574930131435394287e-03 2.733344584703445435e-02
-5.803644657135009766e-03 2.828751876950263977e-02
-5.313098430633544922e-03 2.823631465435028076e-02
-5.061261355876922607e-03 2.803940698504447937e-02
-5.936861038208007812e-03 2.850068733096122742e-02
-6.860919296741485596e-03 2.897083386778831482e-02
-8.773550391197204590e-03 2.972104400396347046e-02
-7.961712777614593506e-03 2.928896434605121613e-02
-6.056830286979675293e-03 2.880648151040077209e-02
-7.419466972351074219e-03 2.928338199853897095e-02
-8.298434317111968994e-03 2.974044904112815857e-02
-8.855510503053665161e-03 2.994987182319164276e-02
-1.071520894765853882e-02 3.097431920468807220e-02
-1.166865229606628418e-02 3.130686655640602112e-02
-1.111415773630142212e-02 3.103587031364440918e-02
-1.108627393841743469e-02 3.111828304827213287e-02
-1.173344254493713379e-02 3.137709572911262512e-02
-1.210469380021095276e-02 3.195750713348388672e-02
-1.159958541393280029e-02 3.176458552479743958e-02
-1.435586810111999512e-02 3.313954174518585205e-02
-1.478478312492370605e-02 3.345265239477157593e-02
-1.514945179224014282e-02 3.361034393310546875e-02
-1.398200541734695435e-02 3.326204046607017517e-02
-1.378633081912994385e-02 3.355159610509872437e-02
-1.402474939823150635e-02 3.340628370642662048e-02
-1.304943859577178955e-02 3.334355354309082031e-02
-1.588266342878341675e-02 3.430546820163726807e-02
-1.518841087818145752e-02 3.390422835946083069e-02
-1.390337198972702026e-02 3.346155583858489990e-02
-1.517386734485626221e-02 3.390340134501457214e-02
-1.477041095495223999e-02 3.388828784227371216e-02
-1.389445737004280090e-02 3.336680680513381958e-02
-1.645024120807647705e-02 3.492718562483787537e-02
-1.272061094641685486e-02 3.322964534163475037e-02
-1.253160089254379272e-02 3.312482684850692749e-02
-1.539228856563568115e-02 3.419525548815727234e-02
-1.480573043227195740e-02 3.397000208497047424e-02
-1.491620391607284546e-02 3.404201567173004150e-02
-1.487339287996292114e-02 3.411595523357391357e-02
-1.563148573040962219e-02 3.435119986534118652e-02
-1.493526995182037354e-02 3.408792987465858459e-02
-1.688820123672485352e-02 3.496752306818962097e-02
-1.603293791413307190e-02 3.453765809535980225e-02
-1.394613087177276611e-02 3.317484259605407715e-02
-1.433689892292022705e-02 3.338706493377685547e-02
-1.260839402675628662e-02 3.264031186699867249e-02
-1.212167367339134216e-02 3.226330503821372986e-02
-1.316162943840026855e-02 3.273433819413185120e-02
-1.457571983337402344e-02 3.351901471614837646e-02
-1.521027088165283203e-02 3.380711004137992859e-02
-1.318861544132232666e-02 3.296565636992454529e-02
-1.392161846160888672e-02 3.308728337287902832e-02
-1.618601754307746887e-02 3.405370563268661499e-02
-1.421434432268142700e-02 3.320902213454246521e-02
-1.267302036285400391e-02 3.262307867407798767e-02
-1.435049623250961304e-02 3.363965451717376709e-02
-1.557845994830131531e-02 3.424645960330963135e-02
-1.637928187847137451e-02 3.444042801856994629e-02
-1.543308794498443604e-02 3.389728814363479614e-02
-1.629678159952163696e-02 3.440518677234649658e-02
-1.448590308427810669e-02 3.392798453569412231e-02
-1.553235948085784912e-02 3.418806567788124084e-02
-1.702674105763435364e-02 3.504373878240585327e-02
-1.596428453922271729e-02 3.471713513135910034e-02
-1.786813884973526001e-02 3.553275018930435181e-02
-1.476296782493591309e-02 3.390438109636306763e-02
-1.409677416086196899e-02 3.373664617538452148e-02
-1.303128153085708618e-02 3.357199579477310181e-02
-1.669352874159812927e-02 3.494350239634513855e-02
-1.643432304263114929e-02 3.445417433977127075e-02
-1.432201266288757324e-02 3.377708047628402710e-02
-1.628044992685317993e-02 3.468921408057212830e-02
-1.815924420952796936e-02 3.540615737438201904e-02
-1.849097386002540588e-02 3.551397472620010376e-02
-1.814281940460205078e-02 3.575593605637550354e-02
-1.496072113513946533e-02 3.404995799064636230e-02
-1.648183166980743408e-02 3.486809134483337402e-02
-1.588321849703788757e-02 3.458600491285324097e-02
-1.657019183039665222e-02 3.492747247219085693e-02
-1.716795563697814941e-02 3.492622822523117065e-02
-1.700475066900253296e-02 3.494961187243461609e-02
-1.634832844138145447e-02 3.465634584426879883e-02
-1.596334949135780334e-02 3.457066789269447327e-02
-1.602697372436523438e-02 3.435510769486427307e-02
-1.738300919532775879e-02 3.501504287123680115e-02
-1.644663512706756592e-02 3.482449054718017578e-02
-1.850916817784309387e-02 3.574261069297790527e-02
-1.988139003515243530e-02 3.646429628133773804e-02
-1.721843332052230835e-02 3.546524047851562500e-02
-1.847846806049346924e-02 3.582808375358581543e-02
-1.921285688877105713e-02 3.611036390066146851e-02
-1.971996948122978210e-02 3.633894026279449463e-02
-1.788044348359107971e-02 3.561347723007202148e-02
-1.719338819384574890e-02 3.542990237474441528e-02
-1.868447288870811462e-02 3.632422536611557007e-02
-1.912785321474075317e-02 3.627997636795043945e-02
-1.911501586437225342e-02 3.607357293367385864e-02
-1.813486963510513306e-02 3.567207604646682739e-02
-1.646732911467552185e-02 3.497152402997016907e-02
-1.452232897281646729e-02 3.401504829525947571e-02
-1.383056119084358215e-02 3.383058682084083557e-02
-1.479759067296981812e-02 3.408397361636161804e-02
-1.281544938683509827e-02 3.326204046607017517e-02
-1.271767914295196533e-02 3.332781419157981873e-02
-1.310600340366363525e-02 3.294433653354644775e-02
-1.386499777436256409e-02 3.318122029304504395e-02
-1.263945549726486206e-02 3.262889757752418518e-02
-1.407051831483840942e-02 3.352259844541549683e-02
-1.469202712178230286e-02 3.357876092195510864e-02
-1.284372061491012573e-02 3.261647373437881470e-02
-1.360406726598739624e-02 3.306573256850242615e-02
-1.456326991319656372e-02 3.348908573389053345e-02
-1.317428052425384521e-02 3.270763158798217773e-02
-1.173102855682373047e-02 3.211617469787597656e-02
-1.292598992586135864e-02 3.237811475992202759e-02
-1.424660533666610718e-02 3.286693245172500610e-02
-1.329477131366729736e-02 3.253312408924102783e-02
-1.357780396938323975e-02 3.271116688847541809e-02
-1.500497385859489441e-02 3.336247801780700684e-02
-1.405542716383934021e-02 3.294396400451660156e-02
-1.432677358388900757e-02 3.298974409699440002e-02
-1.530044525861740112e-02 3.350556269288063049e-02
-1.570753753185272217e-02 3.372488170862197876e-02
-1.632025092840194702e-02 3.395462036132812500e-02
-1.661492139101028442e-02 3.423529490828514099e-02
-1.670142635703086853e-02 3.424866124987602234e-02
-1.504519954323768616e-02 3.339203074574470520e-02
-1.620932668447494507e-02 3.406247124075889587e-02
-1.550759002566337585e-02 3.393149375915527344e-02
-1.587935537099838257e-02 3.421567380428314209e-02
-1.764489710330963135e-02 3.511301428079605103e-02
-1.773993670940399170e-02 3.505707532167434692e-02
-1.648211106657981873e-02 3.441832587122917175e-02
-1.476762443780899048e-02 3.421963751316070557e-02
-1.643452793359756470e-02 3.470220044255256653e-02
-1.563331857323646545e-02 3.395389765501022339e-02
-1.548486948013305664e-02 3.396121039986610413e-02
-1.429232209920883179e-02 3.344986587762832642e-02
-1.247978210449218750e-02 3.240310400724411011e-02
-1.340077072381973267e-02 3.248554468154907227e-02
-1.343208551406860352e-02 3.273401036858558655e-02
-1.228892803192138672e-02 3.200335800647735596e-02
-1.230566203594207764e-02 3.204172477126121521e-02
-1.347547024488449097e-02 3.284289687871932983e-02
-1.336812227964401245e-02 3.268167749047279358e-02
-1.168504357337951660e-02 3.188620507717132568e-02
-1.270461082458496094e-02 3.237803652882575989e-02
-1.358253508806228638e-02 3.263133764266967773e-02
-1.327499002218246460e-02 3.252901509404182434e-02
-1.250540465116500854e-02 3.218570351600646973e-02
-1.276492327451705933e-02 3.229191899299621582e-02
-1.355290412902832031e-02 3.273241966962814331e-02
-1.343175023794174194e-02 3.254118561744689941e-02
-1.464861631393432617e-02 3.330322355031967163e-02
-1.516640186309814453e-02 3.338820114731788635e-02
-1.440846920013427734e-02 3.313335031270980835e-02
-1.479487866163253784e-02 3.324214369058609009e-02
-1.643721759319305420e-02 3.396420925855636597e-02
-1.628108322620391846e-02 3.379669412970542908e-02
-1.574019342660903931e-02 3.357129544019699097e-02
-1.527589559555053711e-02 3.339512646198272705e-02
-1.561495661735534668e-02 3.343213722109794617e-02
-1.569505780935287476e-02 3.360730782151222229e-02
-1.547668129205703735e-02 3.340261057019233704e-02
-1.432408392429351807e-02 3.280174732208251953e-02
-1.523506641387939453e-02 3.329450264573097229e-02
-1.414942368865013123e-02 3.264441713690757751e-02
-1.289521157741546631e-02 3.216541931033134460e-02
-1.397502422332763672e-02 3.266698494553565979e-02
-1.390950381755828857e-02 3.261936828494071960e-02
-1.432523876428604126e-02 3.280893340706825256e-02
-1.168367639183998108e-02 3.155024722218513489e-02
-1.220007240772247314e-02 3.186603263020515442e-02
-1.233318448066711426e-02 3.197015076875686646e-02
-1.279528066515922546e-02 3.229649737477302551e-02
-1.233089715242385864e-02 3.193111345171928406e-02
-1.282890513539314270e-02 3.245114535093307495e-02
-1.432823017239570618e-02 3.301848471164703369e-02
-1.689003407955169678e-02 3.426425158977508545e-02
-1.535814628005027771e-02 3.368456661701202393e-02
-1.537567377090454102e-02 3.370190039277076721e-02
-1.467922329902648926e-02 3.340280801057815552e-02
-1.453245431184768677e-02 3.345806151628494263e-02
-1.381788402795791626e-02 3.302351385354995728e-02
-1.432394981384277344e-02 3.345572203397750854e-02
-1.584268361330032349e-02 3.406658768653869629e-02
-1.406884193420410156e-02 3.290263190865516663e-02
-1.011060178279876709e-02 3.163985162973403931e-02
-6.579335778951644897e-03 3.031305223703384399e-02
-1.016777753829956055e-02 3.191271051764488220e-02
-1.277160644531250000e-02 3.286025300621986389e-02
-1.165772229433059692e-02 3.205520659685134888e-02
-9.515471756458282471e-03 3.078394383192062378e-02
-1.175875216722488403e-02 3.190692141652107239e-02
-1.110715419054031372e-02 3.182284161448478699e-02
-9.641438722610473633e-03 3.139547258615493774e-02
-7.594894617795944214e-03 3.025821968913078308e-02
-6.567426025867462158e-03 2.992644160985946655e-02
-1.075988262891769409e-02 3.189370036125183105e-02
-8.009515702724456787e-03 3.032219409942626953e-02
-1.802012324333190918e-03 2.801559865474700928e-02
-4.477135837078094482e-03 2.891214936971664429e-02
-1.731663942337036133e-03 2.751281298696994781e-02
-2.219907939434051514e-03 2.767934277653694153e-02
-1.819029450416564941e-03 2.738564461469650269e-02
-2.092033624649047852e-03 2.711609378457069397e-02
-1.550279557704925537e-03 2.711243182420730591e-02
4.822015762329101562e-05 2.613822370767593384e-02
4.897564649581909180e-04 2.576472237706184387e-02
4.762113094329833984e-04 2.614898234605789185e-02
4.100054502487182617e-05 2.617011964321136475e-02
-2.714097499847412109e-03 2.733802795410156250e-02
-1.679390668869018555e-03 2.709697932004928589e-02
-3.325365483760833740e-03 2.777169272303581238e-02
-6.675153970718383789e-03 2.940257638692855835e-02
-6.253212690353393555e-03 2.926119230687618256e-02
-7.334481924772262573e-03 2.993582189083099365e-02
-6.642501801252365112e-03 2.970748394727706909e-02
-8.484859019517898560e-03 3.059846162796020508e-02
-6.868958473205566406e-03 2.983816526830196381e-02
-9.411953389644622803e-03 3.084179386496543884e-02
-7.850084453821182251e-03 3.042900934815406799e-02
-6.824586540460586548e-03 3.012298047542572021e-02
-8.513674139976501465e-03 3.099745139479637146e-02
-8.929595351219177246e-03 3.095792606472969055e-02
-7.162597030401229858e-03 2.995742298662662506e-02
-3.477662801742553711e-03 2.866547740995883942e-02
-5.702391266822814941e-03 2.925631590187549591e-02
-6.568402051925659180e-03 2.944792062044143677e-02
-4.973217844963073730e-03 2.847632952034473419e-02
-4.404462873935699463e-03 2.838358096778392792e-02
-2.275556325912475586e-03 2.719948068261146545e-02
-4.587888717651367188e-03 2.817352116107940674e-02
-2.720333635807037354e-03 2.740768156945705414e-02
-3.335349261760711670e-03 2.806856483221054077e-02
-6.299495697021484375e-03 2.963569387793540955e-02
-7.330320775508880615e-03 3.030549362301826477e-02
-5.340427160263061523e-03 2.914543077349662781e-02
-4.098519682884216309e-03 2.906614542007446289e-02
-6.178855895996093750e-03 2.951274625957012177e-02
-5.340337753295898438e-03 2.889624983072280884e-02
-4.840403795242309570e-03 2.867207676172256470e-02
-6.555914878845214844e-03 2.959217503666877747e-02
-5.506269633769989014e-03 2.916136011481285095e-02
-6.495684385299682617e-03 2.954048663377761841e-02
-7.038161158561706543e-03 2.995130419731140137e-02
-8.118279278278350830e-03 3.017300926148891449e-02
-5.998566746711730957e-03 2.920266613364219666e-02
-2.862788736820220947e-03 2.792964503169059753e-02
-1.031316071748733521e-02 3.157290071249008179e-02
-1.099597662687301636e-02 3.141010925173759460e-02
-9.722545742988586426e-03 3.115036152303218842e-02
-8.228458464145660400e-03 3.032913804054260254e-02
-8.903536945581436157e-03 3.091394901275634766e-02
-8.663006126880645752e-03 3.073174506425857544e-02
-9.465456008911132812e-03 3.077369183301925659e-02
-7.838919758796691895e-03 3.028813190758228302e-02
-8.441019803285598755e-03 3.017767332494258881e-02
-8.541330695152282715e-03 3.039094991981983185e-02
-1.079948991537094116e-02 3.158777207136154175e-02
-7.260959595441818237e-03 2.999894693493843079e-02
-7.850762456655502319e-03 3.018721938133239746e-02
-5.812086164951324463e-03 2.909339405596256256e-02
-4.858911037445068359e-03 2.846608869731426239e-02
-6.468608975410461426e-03 2.912830188870429993e-02
-4.717484116554260254e-03 2.838240563869476318e-02
-3.660112619400024414e-03 2.799695916473865509e-02
-5.223564803600311279e-03 2.891935780644416809e-02
-4.799038171768188477e-03 2.878567576408386230e-02
-3.085725009441375732e-03 2.746208570897579193e-02
-2.854727208614349365e-03 2.734318375587463379e-02
-4.956722259521484375e-03 2.868608757853507996e-02
-1.452229917049407959e-03 2.692420780658721924e-02
